---------------------------
---------------------------
VOTES CHECK
---------------------------
---------------------------

------------
CHARACTER CHECK

------
UNRECOGNIZED CHARACTERS
    No Problems Found :) 
------

------
UNRECOGNIZED NEGATIVE SIGNS
    No Problems Found :) 
------

------
UNRECOGNIZED LEADING ZEROS
    No Problems Found :) 
------

------
(POSSIBLY) INVALID NEGATIVE VALUES
    No Problems Found :) 
------

------------


------------
SIMILARITY CHECK

------
CONTAINS/IS SIMILAR TO EMPTY: 
    No Problems Found :) 
------

------
CONTAINS/IS SIMILAR TO EXACT EMPTY: 
    No Problems Found :) 
------

------------


---------
------
ALL VALUES:
    0
    1
    10
    100
    1000
    1001
    1002
    1003
    1004
    1005
    1006
    1007
    1008
    1009
    101
    1010
    1011
    1012
    1013
    1014
    1015
    1016
    1017
    1018
    1019
    102
    1020
    1021
    1022
    1023
    1024
    1025
    1026
    1027
    1028
    1029
    103
    1030
    1031
    1032
    1033
    1034
    1035
    1036
    1037
    1038
    1039
    104
    1040
    1041
    1042
    1043
    1044
    1045
    1046
    1047
    1048
    1049
    105
    1050
    1051
    1052
    1053
    1054
    1055
    1056
    1057
    1058
    1059
    106
    1060
    1061
    1062
    1063
    1064
    1065
    1066
    1067
    1068
    1069
    107
    1070
    1071
    1072
    1073
    1074
    1075
    1076
    1077
    1078
    1079
    108
    1080
    1081
    1082
    1083
    1084
    1085
    1086
    1087
    1088
    1089
    109
    1090
    1091
    1092
    1093
    1094
    1095
    1096
    1097
    1098
    1099
    11
    110
    1100
    1101
    1102
    1103
    1104
    1105
    1106
    1107
    1108
    1109
    111
    1110
    1111
    1112
    1113
    1114
    1115
    1116
    1117
    1118
    1119
    112
    1120
    1121
    1122
    1123
    1124
    1125
    1126
    1127
    1128
    1129
    113
    1130
    1131
    1132
    1133
    1134
    1135
    1136
    1137
    1138
    1139
    114
    1140
    1141
    1142
    1143
    1144
    1145
    1146
    1147
    1148
    1149
    115
    1150
    1151
    1152
    1153
    1154
    1155
    1156
    1157
    1158
    1159
    116
    1160
    1161
    1162
    1163
    1164
    1165
    1166
    1167
    1168
    1169
    117
    1170
    1171
    1172
    1173
    1174
    1175
    1177
    1178
    1179
    118
    1180
    1181
    1182
    1183
    1184
    1185
    1186
    1187
    1188
    1189
    119
    1190
    1191
    1192
    1193
    1194
    1195
    1196
    1197
    1198
    1199
    12
    120
    1200
    1201
    1202
    1203
    1204
    1205
    1206
    1207
    1208
    1209
    121
    1210
    1211
    1212
    1213
    1214
    1215
    1216
    1217
    1218
    1219
    122
    1220
    1221
    1222
    1223
    1224
    1225
    1226
    1227
    1228
    1229
    123
    1230
    1231
    1232
    1233
    1234
    1235
    1236
    1237
    1238
    1239
    124
    1240
    1241
    1242
    1243
    1244
    1245
    1246
    1247
    1248
    1249
    125
    1250
    1251
    1252
    1253
    1254
    1255
    1256
    1257
    1258
    1259
    126
    1260
    1261
    1262
    1263
    1264
    1265
    1266
    1267
    1268
    1269
    127
    1270
    1271
    1272
    1273
    1274
    1275
    1276
    1277
    1279
    128
    1280
    1281
    1282
    1284
    1285
    1286
    1287
    1288
    1289
    129
    1290
    1291
    1292
    1293
    1294
    1295
    1296
    1297
    1299
    13
    130
    1300
    1301
    1302
    1303
    1304
    1305
    1306
    1307
    1308
    1309
    131
    1310
    1311
    1312
    1313
    1314
    1315
    1316
    1317
    1318
    1319
    132
    1320
    1321
    1322
    1323
    1324
    1325
    1326
    1327
    1328
    1329
    133
    1330
    1331
    1332
    1333
    1334
    1335
    1336
    1337
    1338
    1339
    134
    1340
    1341
    1342
    1343
    1344
    1345
    1346
    1347
    1348
    1349
    135
    1350
    1351
    1352
    1353
    1354
    1355
    1356
    1357
    1358
    1359
    136
    1360
    1361
    1362
    1363
    1364
    1365
    1366
    1367
    1368
    1369
    137
    1370
    1371
    1372
    1373
    1374
    1375
    1376
    1377
    1378
    1379
    138
    1380
    1381
    1382
    1383
    1384
    1385
    1386
    1387
    1388
    1389
    139
    1390
    1391
    1392
    1393
    1394
    1395
    1396
    1397
    1398
    1399
    14
    140
    1400
    1401
    1402
    1403
    1404
    1405
    1406
    1407
    1408
    1409
    141
    1410
    1411
    1412
    1413
    1414
    1415
    1416
    1417
    1418
    1419
    142
    1420
    1421
    1422
    1423
    1424
    1425
    1426
    1427
    1429
    143
    1430
    1431
    1432
    1433
    1434
    1435
    1436
    1437
    1438
    1439
    144
    1440
    1441
    1442
    1443
    1444
    1445
    1446
    1447
    1448
    1449
    145
    1450
    1451
    1452
    1453
    1454
    1455
    1456
    1457
    1458
    1459
    146
    1460
    1461
    1462
    1463
    1464
    1465
    1466
    1467
    1468
    1469
    147
    1470
    1471
    1472
    1473
    1474
    1475
    1476
    1477
    1478
    148
    1480
    1482
    1483
    1484
    1485
    1486
    1487
    1488
    1489
    149
    1490
    1491
    1492
    1493
    1494
    1495
    1496
    1497
    1498
    1499
    15
    150
    1500
    1501
    1502
    1503
    1504
    1505
    1506
    1507
    1508
    151
    1510
    1511
    1512
    1513
    1514
    1515
    1516
    1517
    1518
    1519
    152
    1520
    1521
    1522
    1523
    1524
    1525
    1527
    1528
    1529
    153
    1531
    1532
    1533
    1534
    1535
    1538
    1539
    154
    1541
    1542
    1543
    1544
    1545
    1546
    1547
    1548
    1549
    155
    1550
    1551
    1552
    1553
    1554
    1555
    1556
    1557
    1558
    156
    1560
    1561
    1562
    1563
    1566
    1567
    1568
    1569
    157
    1570
    1571
    1572
    1574
    1575
    1576
    1577
    1578
    1579
    158
    1580
    1581
    1582
    1583
    1584
    1585
    1588
    1589
    159
    1590
    1591
    1592
    1593
    1594
    1595
    1597
    1598
    1599
    16
    160
    1600
    1601
    1602
    1603
    1604
    1605
    1607
    1608
    1609
    161
    1610
    1611
    1612
    1613
    1614
    1615
    1617
    1618
    1619
    162
    1620
    1621
    1622
    1623
    1624
    1625
    1626
    1627
    1628
    1629
    163
    1630
    1631
    1632
    1633
    1634
    1635
    1637
    1638
    1639
    164
    1640
    1641
    1642
    1643
    1644
    1646
    1647
    1648
    1649
    165
    1650
    1651
    1652
    1653
    1654
    1655
    1656
    1657
    1658
    1659
    166
    1660
    1661
    1662
    1663
    1665
    1666
    1667
    1668
    1669
    167
    1670
    1671
    1672
    1674
    1675
    1676
    1677
    1678
    168
    1680
    1681
    1682
    1683
    1684
    1686
    1687
    1688
    169
    1690
    1691
    1692
    1693
    1694
    1695
    1696
    1697
    1698
    1699
    17
    170
    1700
    1701
    1702
    1703
    1704
    1705
    1707
    1709
    171
    1710
    1711
    1712
    1714
    1715
    1716
    1717
    1718
    1719
    172
    1721
    1722
    1723
    1724
    1726
    1727
    1728
    1729
    173
    1730
    1731
    1732
    1733
    1734
    1735
    1736
    1737
    1738
    1739
    174
    1740
    1741
    1742
    1744
    1745
    1746
    1747
    1748
    1749
    175
    1750
    1751
    1752
    1753
    1754
    1755
    1756
    1757
    1758
    176
    1760
    1761
    1762
    1763
    1764
    1765
    1766
    1767
    1768
    1769
    177
    1770
    1771
    1772
    1773
    1774
    1775
    1777
    1778
    1779
    178
    1780
    1781
    1782
    1783
    1784
    1786
    1787
    1788
    1789
    179
    1790
    1791
    1792
    1793
    1794
    1796
    1797
    1798
    1799
    18
    180
    1801
    1802
    1803
    1805
    1806
    1808
    1809
    181
    1811
    1812
    1814
    1815
    1817
    1818
    1819
    182
    1820
    1821
    1822
    1823
    1825
    1827
    1828
    1829
    183
    1830
    1832
    1833
    1834
    1835
    1836
    1837
    1839
    184
    1840
    1841
    1842
    1844
    1845
    1846
    1847
    1848
    185
    1850
    1851
    1853
    1854
    1855
    1856
    1857
    1858
    186
    1860
    1861
    1862
    1863
    1864
    1865
    1866
    187
    1871
    1872
    1873
    1874
    1876
    1877
    1879
    188
    1880
    1881
    1882
    1884
    1885
    1886
    1887
    1889
    189
    1890
    1892
    1893
    1894
    1895
    1896
    1897
    1898
    1899
    19
    190
    1901
    1902
    1904
    1905
    1906
    1907
    1908
    191
    1910
    1913
    1914
    1916
    1918
    1919
    192
    1920
    1921
    1922
    1923
    1925
    1926
    1927
    1928
    1929
    193
    1930
    1931
    1932
    1936
    1937
    1939
    194
    1940
    1942
    1944
    1945
    1946
    1947
    1949
    195
    1951
    1952
    1953
    1954
    1955
    1956
    1958
    1959
    196
    1961
    1962
    1963
    1964
    1965
    1967
    1968
    1969
    197
    1970
    1971
    1973
    1975
    1976
    1977
    1978
    1979
    198
    1980
    1982
    1985
    1986
    1987
    1988
    1989
    199
    1990
    1991
    1994
    1995
    1996
    1999
    2
    20
    200
    2000
    2002
    2003
    2005
    2006
    2007
    2008
    2009
    201
    2010
    2011
    2012
    2013
    2015
    2016
    2017
    2018
    2019
    202
    2020
    2021
    2022
    2024
    2026
    2027
    2029
    203
    2031
    2032
    2035
    2038
    2039
    204
    2040
    2043
    2045
    2046
    2048
    2049
    205
    2050
    2051
    2052
    2053
    2054
    2055
    2056
    2057
    2058
    206
    2060
    2061
    2063
    2064
    2065
    2066
    2068
    2069
    207
    2071
    2072
    2073
    2075
    2076
    2077
    2078
    2079
    208
    2080
    2081
    2082
    2085
    2086
    2087
    2089
    209
    2090
    2092
    2093
    2094
    2096
    2097
    2098
    2099
    21
    210
    2101
    2102
    2103
    2104
    2107
    2108
    2109
    211
    2112
    2114
    2115
    2117
    2118
    212
    2120
    2121
    2122
    2123
    2124
    2128
    2129
    213
    2130
    2134
    2135
    2137
    2138
    214
    2140
    2141
    2142
    2143
    2144
    2145
    2146
    2147
    2149
    215
    2150
    2158
    2159
    216
    2160
    2162
    2163
    2164
    2167
    2168
    2169
    217
    2170
    2171
    2172
    2173
    2174
    2176
    2177
    2179
    218
    2180
    2181
    2182
    2183
    2184
    2186
    2187
    2188
    2189
    219
    2190
    2192
    2193
    2194
    2195
    2196
    2198
    2199
    22
    220
    2201
    2202
    2204
    2206
    2207
    2208
    221
    2210
    2211
    2213
    2215
    2217
    2219
    222
    2220
    2221
    2223
    2225
    2226
    2228
    223
    2230
    2231
    2232
    2233
    2234
    2238
    2239
    224
    2240
    2244
    2246
    2247
    2249
    225
    2251
    2253
    2254
    2258
    226
    2261
    2262
    2263
    2264
    2265
    2269
    227
    2272
    2274
    2277
    2278
    2279
    228
    2280
    2281
    2284
    2289
    229
    2292
    2293
    2294
    2295
    2296
    2298
    23
    230
    2301
    2302
    2303
    2306
    2307
    231
    2310
    2311
    2312
    2314
    2318
    232
    2321
    2323
    2324
    2326
    2328
    233
    2331
    2333
    2334
    2335
    2336
    2338
    234
    2340
    2341
    2342
    2344
    2346
    235
    2351
    2352
    2353
    2354
    236
    2360
    2361
    2362
    2364
    2367
    2368
    237
    2370
    2372
    2373
    2378
    238
    2383
    2384
    2385
    2386
    2387
    2389
    239
    2390
    2391
    2393
    2394
    2395
    2396
    2398
    2399
    24
    240
    2400
    2401
    2402
    2403
    2404
    2406
    2407
    2408
    2409
    241
    2410
    2411
    2412
    2416
    242
    2420
    2426
    2427
    2428
    2429
    243
    2431
    2434
    2437
    2439
    244
    2441
    2443
    2448
    2449
    245
    2450
    2451
    2454
    2456
    246
    2460
    2465
    2467
    2469
    247
    2473
    2474
    2475
    2479
    248
    2480
    2482
    2483
    2485
    2486
    2487
    2489
    249
    2492
    2493
    2495
    2497
    25
    250
    2501
    2506
    2508
    251
    2511
    2512
    2513
    2514
    2519
    252
    2522
    2525
    2527
    253
    2530
    2533
    2536
    254
    2542
    2543
    2547
    2548
    255
    2550
    2552
    2553
    2554
    2555
    2556
    2559
    256
    2561
    2568
    257
    2570
    2573
    2574
    2575
    2578
    258
    2580
    2582
    2585
    2587
    259
    2598
    26
    260
    2600
    2601
    2605
    2606
    2607
    2608
    261
    2612
    2613
    262
    2623
    263
    2633
    2634
    2636
    2639
    264
    2646
    2648
    2649
    265
    2650
    2652
    2653
    2654
    2655
    2657
    2658
    266
    2665
    2667
    267
    2673
    2679
    268
    2680
    2682
    2687
    269
    2695
    27
    270
    2700
    2701
    2704
    2705
    2707
    2708
    2709
    271
    2711
    2713
    2716
    2717
    2719
    272
    2722
    2723
    2725
    2726
    2727
    2729
    273
    2733
    2736
    2738
    274
    2745
    2748
    275
    2750
    2758
    276
    2761
    2763
    2765
    2767
    277
    2770
    2772
    2773
    2779
    278
    2781
    2783
    2784
    2785
    2787
    2788
    279
    2792
    2796
    28
    280
    2801
    2802
    2808
    2809
    281
    2816
    282
    2820
    2822
    2827
    2829
    283
    2835
    284
    2840
    2841
    2842
    2844
    2846
    2847
    285
    2850
    2851
    2854
    2857
    2858
    286
    2860
    2864
    2865
    2866
    2868
    287
    2871
    2878
    288
    2880
    2882
    2883
    2884
    2885
    2888
    289
    2894
    2899
    29
    290
    2903
    2904
    291
    2911
    2918
    2919
    292
    2921
    2925
    2927
    2928
    2929
    293
    2932
    2935
    2937
    294
    2942
    295
    2952
    2953
    2954
    296
    2960
    2963
    2965
    297
    2977
    2978
    298
    2981
    2983
    2986
    2988
    2989
    299
    2994
    2995
    2999
    3
    30
    300
    3004
    3007
    301
    3010
    3015
    3017
    302
    3020
    3025
    3027
    3028
    303
    3032
    3034
    3039
    304
    3040
    3043
    3045
    3049
    305
    3051
    3054
    3055
    3056
    3057
    3058
    306
    3062
    3065
    3067
    307
    3072
    3073
    3077
    308
    3081
    3086
    3089
    309
    3090
    3094
    3097
    3098
    31
    310
    3100
    3104
    311
    3115
    3119
    312
    3126
    313
    3138
    314
    3141
    3144
    3146
    315
    3152
    3154
    3158
    316
    3165
    317
    3177
    3179
    318
    3181
    319
    32
    320
    3202
    3204
    321
    3210
    322
    323
    324
    3241
    3244
    3247
    325
    326
    3265
    3267
    327
    3278
    328
    3285
    3288
    3289
    329
    3293
    3295
    33
    330
    331
    3313
    332
    3321
    3323
    3324
    333
    334
    3340
    3343
    3344
    335
    336
    3367
    337
    3374
    3375
    338
    3381
    339
    34
    340
    3403
    3405
    341
    3417
    3418
    342
    3426
    3428
    343
    344
    3444
    3445
    345
    346
    3465
    347
    3476
    348
    3480
    3485
    349
    3499
    35
    350
    3500
    351
    3514
    352
    3520
    3521
    3525
    3526
    353
    3530
    3532
    354
    355
    3552
    3559
    356
    3563
    3565
    357
    3572
    358
    359
    36
    360
    361
    3612
    3617
    362
    3628
    363
    364
    3641
    365
    3651
    3654
    366
    3669
    367
    3673
    368
    3682
    3685
    369
    3690
    37
    370
    3704
    3706
    371
    3711
    3713
    3718
    372
    3721
    373
    3734
    3735
    374
    3741
    3743
    3746
    375
    3757
    376
    377
    3771
    378
    3784
    3788
    379
    3794
    38
    380
    3807
    381
    3818
    382
    3822
    383
    3835
    384
    385
    386
    3862
    3868
    387
    388
    389
    3897
    39
    390
    3900
    391
    392
    393
    394
    3946
    395
    396
    397
    398
    399
    3991
    3999
    4
    40
    400
    401
    4010
    402
    4024
    403
    4033
    404
    4045
    405
    4055
    4059
    406
    4063
    407
    408
    409
    4095
    4098
    41
    410
    4101
    4102
    4106
    4109
    411
    4111
    412
    4122
    413
    4131
    414
    4143
    415
    416
    417
    418
    419
    4192
    42
    420
    421
    422
    423
    424
    425
    426
    427
    428
    429
    43
    430
    4304
    431
    432
    433
    434
    435
    436
    437
    4374
    438
    439
    44
    440
    441
    4412
    442
    443
    4439
    444
    445
    446
    447
    448
    449
    45
    450
    451
    452
    453
    454
    455
    4557
    456
    457
    458
    4583
    459
    46
    460
    461
    462
    463
    4630
    464
    4640
    465
    466
    467
    468
    469
    47
    470
    471
    472
    473
    4734
    474
    475
    476
    477
    478
    479
    4795
    48
    480
    4803
    481
    482
    483
    484
    4848
    485
    4856
    486
    487
    4878
    488
    489
    49
    490
    491
    492
    493
    494
    495
    4959
    496
    497
    498
    499
    4997
    5
    50
    500
    501
    502
    503
    504
    505
    506
    5063
    507
    5079
    508
    5082
    509
    51
    510
    5101
    5107
    511
    512
    5125
    513
    514
    515
    516
    517
    518
    519
    52
    520
    521
    522
    523
    5234
    524
    525
    526
    527
    528
    529
    53
    530
    531
    532
    533
    534
    535
    536
    537
    538
    539
    54
    540
    541
    542
    543
    544
    545
    546
    547
    548
    549
    55
    550
    551
    552
    553
    554
    555
    556
    557
    558
    5585
    559
    56
    560
    561
    562
    5629
    563
    564
    565
    566
    567
    568
    569
    57
    570
    571
    572
    573
    574
    575
    576
    577
    578
    579
    58
    580
    581
    582
    583
    584
    585
    586
    587
    588
    589
    59
    590
    591
    592
    593
    594
    595
    596
    597
    598
    599
    6
    60
    600
    601
    602
    6027
    603
    604
    605
    606
    607
    608
    609
    61
    610
    611
    612
    613
    614
    615
    616
    617
    618
    619
    62
    620
    621
    622
    623
    624
    625
    626
    627
    628
    629
    63
    630
    631
    632
    633
    634
    635
    636
    637
    638
    639
    64
    640
    641
    642
    643
    644
    645
    646
    6462
    647
    648
    649
    65
    650
    651
    652
    653
    654
    655
    656
    657
    658
    659
    66
    660
    661
    662
    663
    664
    665
    666
    667
    668
    669
    67
    670
    671
    672
    673
    674
    675
    676
    677
    678
    679
    68
    680
    681
    682
    683
    684
    685
    686
    687
    688
    689
    69
    690
    691
    692
    693
    694
    695
    696
    697
    698
    699
    7
    70
    700
    701
    702
    703
    704
    705
    706
    707
    708
    709
    71
    710
    711
    712
    713
    714
    715
    716
    717
    718
    719
    72
    720
    721
    722
    723
    724
    725
    726
    727
    728
    729
    73
    730
    731
    732
    733
    734
    735
    736
    737
    738
    739
    74
    740
    741
    742
    743
    744
    745
    746
    747
    748
    749
    75
    750
    751
    752
    753
    754
    755
    756
    757
    758
    759
    76
    760
    761
    762
    763
    764
    765
    766
    767
    768
    769
    77
    770
    771
    772
    773
    774
    775
    776
    777
    778
    779
    78
    780
    781
    782
    783
    784
    785
    786
    787
    788
    789
    79
    790
    791
    792
    793
    794
    795
    796
    797
    798
    799
    8
    80
    800
    801
    802
    803
    804
    805
    806
    807
    808
    809
    81
    810
    811
    812
    813
    814
    815
    816
    817
    818
    819
    82
    820
    821
    822
    823
    824
    825
    826
    827
    828
    829
    83
    830
    831
    832
    833
    834
    835
    836
    837
    838
    839
    84
    840
    841
    842
    843
    844
    845
    846
    847
    848
    849
    85
    850
    851
    852
    853
    854
    855
    856
    857
    858
    859
    86
    860
    861
    862
    863
    864
    865
    866
    867
    868
    869
    87
    870
    871
    872
    873
    874
    875
    876
    877
    878
    879
    88
    880
    881
    882
    883
    884
    885
    886
    887
    888
    889
    89
    890
    891
    892
    893
    894
    895
    896
    897
    898
    899
    9
    90
    900
    901
    902
    903
    904
    905
    906
    907
    908
    909
    91
    910
    911
    912
    913
    914
    915
    916
    917
    918
    919
    92
    920
    921
    922
    923
    924
    925
    926
    927
    928
    929
    93
    930
    931
    932
    933
    934
    935
    936
    937
    938
    939
    94
    940
    941
    942
    943
    944
    945
    946
    947
    948
    949
    95
    950
    951
    952
    953
    954
    955
    956
    957
    958
    959
    96
    960
    961
    962
    963
    964
    965
    966
    967
    968
    969
    97
    970
    971
    972
    973
    974
    975
    976
    977
    978
    979
    98
    980
    981
    982
    983
    984
    985
    986
    987
    988
    989
    99
    990
    991
    992
    993
    994
    995
    996
    997
    998
    999
------

