---------------------------
---------------------------
JURISDICTION_FIPS CHECK
---------------------------
---------------------------

------------
CHARACTER CHECK

------
UNRECOGNIZED CHARACTERS
    <<<EC: VALUE WAS EMPTY>>>
------

------------


------------
SIMILARITY CHECK

WARNING: Empty values detected in jurisdiction_fips!
------
CONTAINS/IS SIMILAR TO EMPTY: 
    No Problems Found :) 
------

------
CONTAINS/IS SIMILAR TO EXACT EMPTY: 
    <<<EC: VALUE WAS EMPTY>>> ||| [[<<<EC: VALUE WAS EMPTY>>>]]
------

------------


---------
------
ALL VALUES:
    5500100275
    5500100300
    5500107300
    5500116075
    5500119575
    5500122000
    5500127950
    5500137625
    5500143425
    5500144250
    5500153725
    5500156525
    5500156750
    5500165450
    5500165825
    5500167425
    5500169275
    5500176350
    5500177800
    5500188150
    5500300550
    5500303225
    5500303250
    5500311525
    5500314550
    5500329250
    5500329875
    5500337775
    5500342562
    5500349200
    5500350700
    5500354400
    5500361600
    5500371350
    5500372825
    5500386850
    5500501325
    5500501350
    5500502775
    5500504875
    5500504900
    5500505650
    5500512250
    5500513500
    5500514325
    5500514350
    5500515600
    5500517875
    5500518025
    5500518050
    5500518575
    5500518600
    5500520650
    5500520750
    5500533225
    5500541600
    5500548825
    5500548950
    5500556350
    5500558950
    5500565150
    5500565175
    5500565200
    5500567350
    5500567375
    5500574125
    5500576550
    5500576600
    5500578450
    5500581075
    5500581100
    5500582375
    5500703225
    5500704725
    5500704750
    5500705350
    5500705375
    5500705475
    5500706200
    5500711675
    5500715750
    5500719662
    5500720887
    5500722925
    5500736300
    5500737200
    5500739025
    5500739425
    5500744275
    5500749900
    5500749925
    5500755375
    5500760275
    5500760775
    5500762700
    5500764512
    5500770300
    5500780750
    5500783525
    5500783550
    5500901150
    5500903425
    5500906350
    5500919700
    5500919775
    5500922225
    5500929550
    5500931000
    5500931025
    5500935150
    5500935325
    5500935950
    5500936425
    5500942900
    5500943090
    5500954300
    5500956575
    5500963075
    5500965675
    5500968875
    5500972200
    5500977975
    5500989150
    5500989175
    5501101225
    5501101250
    5501106675
    5501111025
    5501111062
    5501112500
    5501116025
    5501117737
    5501120575
    5501126850
    5501129225
    5501129375
    5501144300
    5501150075
    5501152175
    5501153450
    5501153600
    5501153625
    5501153850
    5501155450
    5501155950
    5501155975
    5501184325
    5501301900
    5501308025
    5501318750
    5501319925
    5501330450
    5501330475
    5501337650
    5501340975
    5501344325
    5501350650
    5501359075
    5501369325
    5501370225
    5501371450
    5501372225
    5501374175
    5501374200
    5501378775
    5501380375
    5501381500
    5501384975
    5501385025
    5501385850
    5501388900
    5501502375
    5501509725
    5501509750
    5501510350
    5501514000
    5501514475
    5501514500
    5501532790
    5501534575
    5501538800
    5501539525
    5501550825
    5501556800
    5501556825
    5501564675
    5501566275
    5501573525
    5501577400
    5501577425
    5501589000
    5501702175
    5501703075
    5501703725
    5501707525
    5501708225
    5501708250
    5501709075
    5501711750
    5501714575
    5501715350
    5501716125
    5501716800
    5501717100
    5501719625
    5501721600
    5501722300
    5501722750
    5501724375
    5501729700
    5501732125
    5501736000
    5501740900
    5501741525
    5501741550
    5501756350
    5501769975
    5501771275
    5501773875
    5501776625
    5501779875
    5501786537
    5501788875
    5501900100
    5501905750
    5501911425
    5501916150
    5501916175
    5501918125
    5501920025
    5501920450
    5501922250
    5501926775
    5501927775
    5501930275
    5501930425
    5501931275
    5501931575
    5501933900
    5501934200
    5501935050
    5501935125
    5501943700
    5501945700
    5501946075
    5501946100
    5501946625
    5501950175
    5501950275
    5501951125
    5501955800
    5501960825
    5501963000
    5501967025
    5501972450
    5501973350
    5501973550
    5501976625
    5501979625
    5501979650
    5501981825
    5501981850
    5501983350
    5501983575
    5501985925
    5501988275
    5501988300
    5501989125
    5501989425
    5502102800
    5502102825
    5502111900
    5502112200
    5502116450
    5502116475
    5502117325
    5502119375
    5502120775
    5502125150
    5502126725
    5502126875
    5502128000
    5502132375
    5502143125
    5502143775
    5502145350
    5502145375
    5502146050
    5502149150
    5502157025
    5502160687
    5502160925
    5502161100
    5502164100
    5502164900
    5502166150
    5502166175
    5502168100
    5502172250
    5502176225
    5502186100
    5502188150
    5502189300
    5502189325
    5502306225
    5502309550
    5502315075
    5502319850
    5502321900
    5502321925
    5502325725
    5502327700
    5502328450
    5502332500
    5502346675
    5502349275
    5502365050
    5502365075
    5502372275
    5502372500
    5502374550
    5502377175
    5502382100
    5502384725
    5502384750
    5502500875
    5502506300
    5502507025
    5502507800
    5502507825
    5502508350
    5502508475
    5502508500
    5502509775
    5502510075
    5502511150
    5502512225
    5502514650
    5502517175
    5502517200
    5502517775
    5502517800
    5502518700
    5502518725
    5502519250
    5502519275
    5502519350
    5502521100
    5502521125
    5502522575
    5502525950
    5502546850
    5502548000
    5502548750
    5502549575
    5502550225
    5502550250
    5502550475
    5502551575
    5502551600
    5502553675
    5502554100
    5502554725
    5502560200
    5502560225
    5502562050
    5502563375
    5502565575
    5502568725
    5502569850
    5502570400
    5502573750
    5502575850
    5502575875
    5502577675
    5502578600
    5502578625
    5502582525
    5502582600
    5502582625
    5502582750
    5502584350
    5502586125
    5502587725
    5502589450
    5502703200
    5502705900
    5502705925
    5502710450
    5502711275
    5502711850
    5502714300
    5502715900
    5502715925
    5502716450
    5502723000
    5502724000
    5502727000
    5502727025
    5502733000
    5502734000
    5502735750
    5502736100
    5502736625
    5502736650
    5502737150
    5502738675
    5502738900
    5502743050
    5502743650
    5502745475
    5502745500
    5502745950
    5502745975
    5502750200
    5502756075
    5502759000
    5502764375
    5502766150
    5502766900
    5502769962
    5502773575
    5502779375
    5502779425
    5502780525
    5502783975
    5502784425
    5502785650
    5502904325
    5502910700
    5502915025
    5502922850
    5502922875
    5502924150
    5502926625
    5502926650
    5502928300
    5502928950
    5502937750
    5502943925
    5502955500
    5502972600
    5502974225
    5502977875
    5502977900
    5502981525
    5502983600
    5503101825
    5503106775
    5503110575
    5503115825
    5503118425
    5503129925
    5503133350
    5503134425
    5503141725
    5503141800
    5503148725
    5503159100
    5503159800
    5503161250
    5503163975
    5503174575
    5503174600
    5503178275
    5503178650
    5503178660
    5503178675
    5503183512
    5503309050
    5503316275
    5503316300
    5503320675
    5503321150
    5503322375
    5503323325
    5503323350
    5503330300
    5503333400
    5503339975
    5503346175
    5503351025
    5503351050
    5503356775
    5503360725
    5503362125
    5503366550
    5503367800
    5503368700
    5503371425
    5503373300
    5503373375
    5503375750
    5503376650
    5503378975
    5503379775
    5503385975
    5503386575
    5503387375
    5503501550
    5503503825
    5503509500
    5503510625
    5503515200
    5503520800
    5503522300
    5503524825
    5503524850
    5503525125
    5503544350
    5503546275
    5503560750
    5503563400
    5503572675
    5503581550
    5503583612
    5503587400
    5503703875
    5503716550
    5503725575
    5503725675
    5503726200
    5503735600
    5503745625
    5503779975
    5503901525
    5503903150
    5503903750
    5503909300
    5503911600
    5503912075
    5503912325
    5503922475
    5503922500
    5503923150
    5503924050
    5503925075
    5503926275
    5503926300
    5503926450
    5503927975
    5503939300
    5503942125
    5503949650
    5503951450
    5503954650
    5503958000
    5503958900
    5503958925
    5503960425
    5503968175
    5503968200
    5503969525
    5503969550
    5503970500
    5503976250
    5503979125
    5503984425
    5503984450
    5504101625
    5504102625
    5504102950
    5504107950
    5504113125
    5504117425
    5504117450
    5504127600
    5504134650
    5504142500
    5504144375
    5504155575
    5504164050
    5504169625
    5504183025
    5504304250
    5504306100
    5504308375
    5504308400
    5504308525
    5504308850
    5504308875
    5504313050
    5504313075
    5504313100
    5504315500
    5504317950
    5504320175
    5504323400
    5504325600
    5504325625
    5504329525
    5504332825
    5504333500
    5504333525
    5504334300
    5504337800
    5504342250
    5504343825
    5504344050
    5504345025
    5504345325
    5504349350
    5504352150
    5504353950
    5504354675
    5504354700
    5504354775
    5504355200
    5504355225
    5504358125
    5504361150
    5504361425
    5504361450
    5504363250
    5504363275
    5504364625
    5504364650
    5504374450
    5504375075
    5504379250
    5504383900
    5504384075
    5504387800
    5504388825
    5504388850
    5504389250
    5504500325
    5504500750
    5504500775
    5504506300
    5504509925
    5504510075
    5504510100
    5504510475
    5504511725
    5504515000
    5504519075
    5504524725
    5504537875
    5504538550
    5504553750
    5504553775
    5504554000
    5504554850
    5504556700
    5504556725
    5504576075
    5504578875
    5504583625
    5504589475
    5504706925
    5504706950
    5504710125
    5504731300
    5504731350
    5504739750
    5504739775
    5504746875
    5504748400
    5504749450
    5504749500
    5504749525
    5504765600
    5504765625
    5504770925
    5504772525
    5504902550
    5504902575
    5504904025
    5504904775
    5504908125
    5504909600
    5504915875
    5504915975
    5504920350
    5504920375
    5504922525
    5504934450
    5504934475
    5504935400
    5504944625
    5504944650
    5504945325
    5504951725
    5504953100
    5504953125
    5504953950
    5504954425
    5504955200
    5504965700
    5504967100
    5504967875
    5504967900
    5504983150
    5504989350
    5505101925
    5505112525
    5505131875
    5505136525
    5505139625
    5505140075
    5505151200
    5505154075
    5505159850
    5505161825
    5505171875
    5505173400
    5505300350
    5505300900
    5505301275
    5505301300
    5505305550
    5505307900
    5505309900
    5505314800
    5505315375
    5505318075
    5505327225
    5505328250
    5505328325
    5505335075
    5505335100
    5505337275
    5505340000
    5505340325
    5505348425
    5505350750
    5505350775
    5505351300
    5505352050
    5505357775
    5505357975
    5505375900
    5505379150
    5505504125
    5505512225
    5505516225
    5505516650
    5505525300
    5505526675
    5505533700
    5505537600
    5505537900
    5505537925
    5505538350
    5505540375
    5505540750
    5505541675
    5505541700
    5505551850
    5505559125
    5505561025
    5505561050
    5505578175
    5505578200
    5505578475
    5505583925
    5505583950
    5505583975
    5505584000
    5505586925
    5505702850
    5505712350
    5505715225
    5505718225
    5505723800
    5505725850
    5505726825
    5505728850
    5505736675
    5505739575
    5505739800
    5505743300
    5505744675
    5505744825
    5505746525
    5505746600
    5505749375
    5505750025
    5505755700
    5505755725
    5505756900
    5505760150
    5505763650
    5505772625
    5505778300
    5505781725
    5505788150
    5505788500
    5505788525
    5505909635
    5505909800
    5505928675
    5505939225
    5505960975
    5505961175
    5505963300
    5505966125
    5505971163
    5505974625
    5505974650
    5505981250
    5505986500
    5506100600
    5506101000
    5506112575
    5506112850
    5506112875
    5506127250
    5506139350
    5506144425
    5506146400
    5506146425
    5506154050
    5506162625
    5506166700
    5506185775
    5506304550
    5506304575
    5506304825
    5506311300
    5506312300
    5506325325
    5506331150
    5506332275
    5506335350
    5506335450
    5506340775
    5506350400
    5506359925
    5506359950
    5506368900
    5506373125
    5506383650
    5506386275
    5506502650
    5506502675
    5506506425
    5506506450
    5506506825
    5506506850
    5506508100
    5506508125
    5506517950
    5506518875
    5506518900
    5506523262
    5506525475
    5506530575
    5506530600
    5506533500
    5506539125
    5506542175
    5506554025
    5506556625
    5506572700
    5506573825
    5506573850
    5506575275
    5506584850
    5506586800
    5506587275
    5506588050
    5506700225
    5506700625
    5506702250
    5506702275
    5506723050
    5506724575
    5506742425
    5506756200
    5506758700
    5506761375
    5506761525
    5506763825
    5506765550
    5506769175
    5506778325
    5506781950
    5506782825
    5506786750
    5506788450
    5506907500
    5506909225
    5506917125
    5506932650
    5506932875
    5506939675
    5506951250
    5506951275
    5506962950
    5506968825
    5506970325
    5506972100
    5506972300
    5506974250
    5506974725
    5506980125
    5506980150
    5506987425
    5507113237
    5507113750
    5507115400
    5507116950
    5507122275
    5507127125
    5507127275
    5507128975
    5507139000
    5507139525
    5507140425
    5507143850
    5507148500
    5507148525
    5507148575
    5507148875
    5507149250
    5507150625
    5507153325
    5507153350
    5507157200
    5507166875
    5507168925
    5507171025
    5507172075
    5507181300
    5507181325
    5507181350
    5507182200
    5507186775
    5507300100
    5507303550
    5507306875
    5507306975
    5507307000
    5507307125
    5507307600
    5507309650
    5507312975
    5507315425
    5507316150
    5507318950
    5507320450
    5507322025
    5507322425
    5507322550
    5507323075
    5507323100
    5507324025
    5507325650
    5507327150
    5507327450
    5507331450
    5507331800
    5507332150
    5507332200
    5507332900
    5507333175
    5507334225
    5507335500
    5507336325
    5507338300
    5507340150
    5507340550
    5507346975
    5507348225
    5507349075
    5507349100
    5507349675
    5507354500
    5507354525
    5507357600
    5507363500
    5507366950
    5507367250
    5507367950
    5507368075
    5507369725
    5507372150
    5507375400
    5507375425
    5507377150
    5507377750
    5507379350
    5507381850
    5507384475
    5507384500
    5507386025
    5507386050
    5507387025
    5507501675
    5507503525
    5507505800
    5507506000
    5507516250
    5507517725
    5507521000
    5507529775
    5507531725
    5507541075
    5507549300
    5507551537
    5507557325
    5507557350
    5507561775
    5507562175
    5507562200
    5507564275
    5507564750
    5507564775
    5507573975
    5507577000
    5507583050
    5507584525
    5507584550
    5507711050
    5507717900
    5507720525
    5507724075
    5507732775
    5507750350
    5507753875
    5507753900
    5507754600
    5507756125
    5507756150
    5507757225
    5507760875
    5507760900
    5507760962
    5507773600
    5507775925
    5507785575
    5507785600
    5507850975
    5507905450
    5507910375
    5507917975
    5507927075
    5507927300
    5507929400
    5507931125
    5507931175
    5507932075
    5507953000
    5507958800
    5507968325
    5507970650
    5507973725
    5507975125
    5507984675
    5507985300
    5507985875
    5507986700
    5508100475
    5508102025
    5508111625
    5508112950
    5508115550
    5508129450
    5508130325
    5508131225
    5508137950
    5508139150
    5508140925
    5508141000
    5508143475
    5508144450
    5508144975
    5508150800
    5508156950
    5508158575
    5508158850
    5508158875
    5508160075
    5508164425
    5508167850
    5508168900
    5508172325
    5508173150
    5508175325
    5508175350
    5508180075
    5508180100
    5508183450
    5508185125
    5508185150
    5508187525
    5508187550
    5508189275
    5508300175
    5508304275
    5508309375
    5508309425
    5508314125
    5508320475
    5508329050
    5508329075
    5508335925
    5508342075
    5508343325
    5508343350
    5508345175
    5508345275
    5508349000
    5508354200
    5508354630
    5508359350
    5508359375
    5508359400
    5508359425
    5508361900
    5508365675
    5508368400
    5508376450
    5508377300
    5508378725
    5508380325
    5508381475
    5508513025
    5508517625
    5508524125
    5508533575
    5508541887
    5508545150
    5508546650
    5508553225
    5508553662
    5508556425
    5508557450
    5508561625
    5508562600
    5508562925
    5508567200
    5508572125
    5508576975
    5508578075
    5508579700
    5508588625
    5508588950
    5508702375
    5508705575
    5508707725
    5508707750
    5508708975
    5508710750
    5508713600
    5508714750
    5508716500
    5508718525
    5508719200
    5508723425
    5508727650
    5508730075
    5508732790
    5508735825
    5508735850
    5508735950
    5508738800
    5508738825
    5508739650
    5508743875
    5508744950
    5508748250
    5508748775
    5508756925
    5508757375
    5508760000
    5508760400
    5508772725
    5508772750
    5508773625
    5508782400
    5508789150
    5508905450
    5508906150
    5508906175
    5508913375
    5508913400
    5508927550
    5508927575
    5508930000
    5508930025
    5508951150
    5508956450
    5508964450
    5508964475
    5508971700
    5508971725
    5508979475
    5509100800
    5509121225
    5509121250
    5509127175
    5509144075
    5509161925
    5509161950
    5509177475
    5509177500
    5509184025
    5509184100
    5509305325
    5509315575
    5509320150
    5509323525
    5509323550
    5509323700
    5509323775
    5509329150
    5509333050
    5509337350
    5509348175
    5509348200
    5509349775
    5509359025
    5509363600
    5509365375
    5509368275
    5509368300
    5509368775
    5509371150
    5509376100
    5509376300
    5509380550
    5509380700
    5509381600
    5509500950
    5509501725
    5509502350
    5509504475
    5509504500
    5509505825
    5509507700
    5509508750
    5509513850
    5509514837
    5509515100
    5509515125
    5509515250
    5509515275
    5509520850
    5509524450
    5509525350
    5509527500
    5509528350
    5509528725
    5509538400
    5509541900
    5509544475
    5509545775
    5509546200
    5509546225
    5509546900
    5509552075
    5509552100
    5509560450
    5509560475
    5509570550
    5509570575
    5509577050
    5509581075
    5509586350
    5509700725
    5509701400
    5509701425
    5509701750
    5509701775
    5509701800
    5509706475
    5509710925
    5509712725
    5509719975
    5509722450
    5509730350
    5509736350
    5509738650
    5509742225
    5509744800
    5509751875
    5509756000
    5509756850
    5509761325
    5509762825
    5509763525
    5509763550
    5509769575
    5509772850
    5509777200
    5509777537
    5509786975
    5509913175
    5509913200
    5509922950
    5509923200
    5509923975
    5509925775
    5509926050
    5509928750
    5509931925
    5509932675
    5509934725
    5509939175
    5509939200
    5509940175
    5509941150
    5509959525
    5509961200
    5509962450
    5509965325
    5509965350
    5509975525
    5509989100
    5510111200
    5510111225
    5510111950
    5510120625
    5510123725
    5510154875
    5510157700
    5510158600
    5510166000
    5510166350
    5510168550
    5510177925
    5510181775
    5510183825
    5510183850
    5510187700
    5510189550
    5510300675
    5510308175
    5510308600
    5510310950
    5510313300
    5510319000
    5510321400
    5510326475
    5510333925
    5510337500
    5510345575
    5510349600
    5510360350
    5510367575
    5510367625
    5510367775
    5510368675
    5510378825
    5510382900
    5510385675
    5510387250
    5510389625
    5510504100
    5510506500
    5510506525
    5510509175
    5510509925
    5510513625
    5510515625
    5510515650
    5510522575
    5510524550
    5510526400
    5510528075
    5510532700
    5510537825
    5510537850
    5510538450
    5510542575
    5510544125
    5510548150
    5510552200
    5510552225
    5510556325
    5510560250
    5510563675
    5510564225
    5510568600
    5510576325
    5510581050
    5510581650
    5510703600
    5510707175
    5510707225
    5510710500
    5510713550
    5510716775
    5510720000
    5510726100
    5510729475
    5510730375
    5510731775
    5510733275
    5510733300
    5510736125
    5510736925
    5510740850
    5510742950
    5510749625
    5510755175
    5510767600
    5510770275
    5510773175
    5510774975
    5510777775
    5510777850
    5510779575
    5510780225
    5510780950
    5510783675
    5510786450
    5510787125
    5510787175
    5510787450
    5510904400
    5510904425
    5510911775
    5510918300
    5510919325
    5510922400
    5510923925
    5510924275
    5510926525
    5510929600
    5510929625
    5510932325
    5510932350
    5510936250
    5510936275
    5510939825
    5510957100
    5510958050
    5510963425
    5510967650
    5510968275
    5510968475
    5510970200
    5510970825
    5510974675
    5510974700
    5510975950
    5510976300
    5510976675
    5510976825
    5510976850
    5510980800
    5510983400
    5510987475
    5510989025
    5511104625
    5511104650
    5511105600
    5511113300
    5511119550
    5511119675
    5511124675
    5511124900
    5511127350
    5511127675
    5511131250
    5511135625
    5511137225
    5511137250
    5511141300
    5511142850
    5511144225
    5511145400
    5511151325
    5511151350
    5511158025
    5511163125
    5511165100
    5511165125
    5511166800
    5511166825
    5511168975
    5511171650
    5511176025
    5511176050
    5511178525
    5511180825
    5511183700
    5511185325
    5511185625
    5511187775
    5511188150
    5511188775
    5511305200
    5511317225
    5511317250
    5511320825
    5511322625
    5511324700
    5511333450
    5511333475
    5511336450
    5511343400
    5511350300
    5511351425
    5511359600
    5511366050
    5511366075
    5511369750
    5511371500
    5511375450
    5511385100
    5511387975
    5511388000
    5511501375
    5511501975
    5511502075
    5511502100
    5511505000
    5511506275
    5511507600
    5511507625
    5511508725
    5511509025
    5511513325
    5511522975
    5511524775
    5511528825
    5511530400
    5511531500
    5511531675
    5511533075
    5511534025
    5511536700
    5511543675
    5511548900
    5511549400
    5511550000
    5511554250
    5511555675
    5511561700
    5511565675
    5511566750
    5511567675
    5511572550
    5511572925
    5511579825
    5511583725
    5511584225
    5511585275
    5511588325
    5511588350
    5511700450
    5511712825
    5511713475
    5511723275
    5511729350
    5511731100
    5511734050
    5511735375
    5511736025
    5511740275
    5511744150
    5511746575
    5511753375
    5511754475
    5511760100
    5511763700
    5511763725
    5511766200
    5511767150
    5511770350
    5511772350
    5511772975
    5511773000
    5511773025
    5511773050
    5511773425
    5511783100
    5511787500
    5511903900
    5511910400
    5511914200
    5511915450
    5511919225
    5511926425
    5511929175
    5511929837
    5511931600
    5511931750
    5511932300
    5511935525
    5511938627
    5511944900
    5511946150
    5511946925
    5511948925
    5511950425
    5511950450
    5511953550
    5511962100
    5511967275
    5511967300
    5511969400
    5511977100
    5511978950
    5511985450
    5512100925
    5512102500
    5512102525
    5512108075
    5512111325
    5512111975
    5512114525
    5512120300
    5512123175
    5512124400
    5512124425
    5512128150
    5512128200
    5512132050
    5512136800
    5512144500
    5512160575
    5512162650
    5512162675
    5512165500
    5512177825
    5512178500
    5512180475
    5512180500
    5512181875
    5512186725
    5512306900
    5512314150
    5512314675
    5512315675
    5512316875
    5512316900
    5512319850
    5512326550
    5512327400
    5512328625
    5512328650
    5512331625
    5512332225
    5512332725
    5512334825
    5512334850
    5512337975
    5512339475
    5512340875
    5512343900
    5512360075
    5512366450
    5512376725
    5512377075
    5512377550
    5512381675
    5512382900
    5512382925
    5512382950
    5512385050
    5512385475
    5512386525
    5512386900
    5512502450
    5512508950
    5512515850
    5512516750
    5512521625
    5512540687
    5512542325
    5512544525
    5512548462
    5512562425
    5512563625
    5512565425
    5512570725
    5512583750
    5512587600
    5512708265
    5512708275
    5512711200
    5512718825
    5512718850
    5512719450
    5512719475
    5512722100
    5512722125
    5512723300
    5512728550
    5512728675
    5512740950
    5512741050
    5512741450
    5512744750
    5512746725
    5512755050
    5512767725
    5512772875
    5512772900
    5512776175
    5512778100
    5512780875
    5512783250
    5512783275
    5512786925
    5512786950
    5512787200
    5512904950
    5512905125
    5512905225
    5512905875
    5512907550
    5512907575
    5512910150
    5512912925
    5512914425
    5512917850
    5512924600
    5512928025
    5512931825
    5512945650
    5512947025
    5512953250
    5512953275
    5512971637
    5512973200
    5512975625
    5512975650
    5512975800
    5512977350
    5512977650
    5512980450
    5513100425
    5513105050
    5513124225
    5513125375
    5513128875
    5513128900
    5513133000
    5513133025
    5513137675
    5513137700
    5513139300
    5513139325
    5513153000
    5513156450
    5513163875
    5513167475
    5513174400
    5513180575
    5513184900
    5513185350
    5513185375
    5513307200
    5513310025
    5513310050
    5513311475
    5513314225
    5513319400
    5513319425
    5513320550
    5513321425
    5513321450
    5513323575
    5513328487
    5513333100
    5513340750
    5513342450
    5513351000
    5513351375
    5513351400
    5513353000
    5513355050
    5513355075
    5513355275
    5513355550
    5513356375
    5513358400
    5513359250
    5513359275
    5513359300
    5513360700
    5513362240
    5513362250
    5513378375
    5513378750
    5513383175
    5513384250
    5513505625
    5513507250
    5513512000
    5513515725
    5513519025
    5513521200
    5513523850
    5513525400
    5513527800
    5513527850
    5513532925
    5513533850
    5513537025
    5513537050
    5513542650
    5513543075
    5513544575
    5513545300
    5513548350
    5513549400
    5513549975
    5513555025
    5513556925
    5513559475
    5513569900
    5513571975
    5513572000
    5513581700
    5513584375
    5513584400
    5513586400
    5513586425
    5513589375
    5513703925
    5513706925
    5513708300
    5513716375
    5513716400
    5513718475
    5513719300
    5513732450
    5513732475
    5513743500
    5513745425
    5513749425
    5513754825
    5513759225
    5513763150
    5513763175
    5513764975
    5513766625
    5513767550
    5513769425
    5513771825
    5513776400
    5513783425
    5513784625
    5513784650
    5513787075
    5513901025
    5513902375
    5513908000
    5513915150
    5513926982
    5513950825
    5513955750
    5513955775
    5513955850
    5513956100
    5513959875
    5513959900
    5513960500
    5513960525
    5513964875
    5513970125
    5513982175
    5513982875
    5513987650
    5513987900
    5513987925
    5513988475
    5514103025
    5514103050
    5514103775
    5514103800
    5514107650
    5514112275
    5514112775
    5514117525
    5514120075
    5514130125
    5514132575
    5514134250
    5514134675
    5514144550
    5514149675
    5514149700
    5514151875
    5514151900
    5514155875
    5514163100
    5514164175
    5514164200
    5514167000
    5514167500
    5514168625
    5514170000
    5514170025
    5514171600
    5514172575
    5514173475
    5514173900
    5514182650
    5514188200
    5514188575
    <<<EC: VALUE WAS EMPTY>>>
------

