---------------------------
---------------------------
VOTES CHECK
---------------------------
---------------------------

------------
CHARACTER CHECK

------
UNRECOGNIZED CHARACTERS
    No Problems Found :) 
------

------
UNRECOGNIZED NEGATIVE SIGNS
    No Problems Found :) 
------

------
UNRECOGNIZED LEADING ZEROS
    No Problems Found :) 
------

------
(POSSIBLY) INVALID NEGATIVE VALUES
    No Problems Found :) 
------

------------


------------
SIMILARITY CHECK

------
CONTAINS/IS SIMILAR TO EMPTY: 
    No Problems Found :) 
------

------
CONTAINS/IS SIMILAR TO EXACT EMPTY: 
    No Problems Found :) 
------

------------


---------
------
ALL VALUES:
    0
    1
    10
    100
    1000
    1001
    1002
    1003
    1004
    10044
    1005
    1006
    1007
    1008
    1009
    101
    1010
    1011
    1012
    1013
    1014
    1015
    1016
    1017
    1018
    1019
    102
    1020
    1021
    1022
    1023
    1024
    1025
    1026
    1027
    1028
    1029
    103
    1030
    1031
    1032
    10323
    1033
    1034
    1035
    1036
    1037
    1038
    1039
    104
    1040
    1041
    1042
    1043
    1044
    1045
    10450
    1046
    1047
    1048
    1049
    105
    1050
    1051
    1052
    1053
    1054
    1055
    10556
    1056
    1057
    1058
    10589
    1059
    106
    1060
    1061
    1062
    1063
    10636
    1064
    1065
    10659
    1066
    1067
    1068
    1069
    107
    1070
    10705
    1071
    1072
    1073
    1074
    1075
    1076
    1077
    1078
    1079
    108
    1080
    1081
    1082
    1083
    10837
    1084
    1085
    1086
    1087
    1088
    1089
    109
    1090
    1091
    1092
    1093
    1094
    1095
    1096
    10969
    1097
    10976
    1098
    10986
    1099
    11
    110
    1100
    1101
    1102
    1103
    1104
    1105
    1106
    11068
    1107
    1108
    1109
    111
    1110
    1111
    11115
    1112
    1113
    1114
    1115
    11150
    1116
    1117
    1118
    1119
    112
    1120
    1121
    1122
    1123
    1124
    1125
    1126
    1127
    1128
    1129
    113
    1130
    1131
    1132
    1133
    1134
    1135
    1136
    11363
    1137
    1138
    1139
    114
    1140
    1141
    1142
    1143
    1144
    1145
    1146
    1147
    11473
    1148
    1149
    115
    1150
    1151
    1152
    1153
    11532
    1154
    1155
    1156
    1157
    11572
    11575
    1158
    11581
    1159
    116
    1160
    1161
    1162
    11629
    1163
    1164
    1165
    11653
    1166
    1167
    1168
    1169
    117
    1170
    1171
    1172
    1173
    1174
    1175
    11753
    1176
    1177
    1178
    1179
    118
    1180
    1181
    1182
    1183
    1184
    11843
    1185
    1186
    11865
    1187
    11878
    1188
    1189
    119
    1190
    1191
    1192
    1193
    11939
    1194
    1195
    1196
    1197
    1198
    1199
    12
    120
    1200
    1201
    12010
    1202
    1203
    1204
    1205
    1206
    1207
    1208
    1209
    121
    1210
    1211
    1212
    12129
    1213
    1214
    1215
    1216
    1217
    12173
    1218
    1219
    122
    1220
    12200
    1221
    1222
    1223
    1224
    1225
    12252
    12258
    1226
    1227
    1228
    12284
    1229
    123
    1230
    12306
    1231
    12314
    1232
    1233
    12338
    1234
    12348
    1235
    1236
    1237
    12375
    1238
    12386
    1239
    124
    1240
    12408
    1241
    12411
    12414
    1242
    1243
    1244
    1245
    1246
    1247
    1248
    12487
    1249
    125
    1250
    1251
    1252
    1253
    1254
    1255
    1256
    1257
    1258
    1259
    12596
    126
    1260
    1261
    1262
    1263
    12635
    1264
    1265
    1266
    12667
    1267
    1268
    1269
    127
    1270
    1271
    1272
    1273
    12738
    1274
    1275
    1276
    1277
    1278
    1279
    128
    1280
    1281
    1282
    1283
    1284
    1285
    1286
    1287
    1288
    1289
    129
    1290
    1291
    1292
    1293
    1294
    1295
    1296
    12962
    1297
    1298
    1299
    12993
    13
    130
    1300
    1301
    1302
    1303
    1304
    1305
    1306
    1307
    13076
    1308
    1309
    131
    1310
    1311
    1312
    1313
    1314
    1315
    13153
    1316
    13163
    1317
    1318
    1319
    132
    1320
    13208
    1321
    1322
    13226
    13229
    1323
    13232
    1324
    1325
    1326
    1327
    1328
    1329
    133
    1330
    1331
    1332
    1333
    1334
    1335
    13351
    1336
    1337
    1338
    1339
    134
    1340
    1341
    13417
    1342
    1343
    13431
    1344
    1345
    1346
    13465
    1347
    1348
    1349
    135
    1350
    1351
    1352
    1353
    1354
    13546
    1355
    1356
    1357
    13574
    1358
    1359
    136
    1360
    1361
    1362
    1363
    1364
    1365
    1366
    1367
    1368
    13684
    1369
    137
    1370
    1371
    1372
    1373
    1374
    13745
    1375
    1376
    1377
    1378
    1379
    138
    1380
    1381
    1382
    1383
    1384
    1385
    13859
    1386
    1387
    1388
    1389
    13894
    139
    1390
    1391
    1392
    1393
    1394
    13944
    1395
    1396
    1397
    1398
    1399
    14
    140
    1400
    1401
    1402
    1403
    1404
    1405
    1406
    1407
    1408
    1409
    141
    1410
    1411
    1412
    1413
    1414
    1415
    1416
    14161
    1417
    1418
    1419
    142
    1420
    1421
    1422
    1423
    1424
    1425
    1426
    1427
    1428
    1429
    143
    1430
    1431
    1432
    1433
    1434
    1435
    1436
    1437
    1438
    1439
    144
    1440
    1441
    1442
    1443
    1444
    14444
    1445
    1446
    1447
    1448
    14483
    1449
    14495
    145
    1450
    1451
    1452
    1453
    1454
    1455
    14556
    1456
    1457
    1458
    1459
    14598
    146
    1460
    1461
    1462
    1463
    1465
    1466
    1467
    1468
    14686
    1469
    147
    1470
    1471
    1472
    1473
    1474
    14744
    14747
    1475
    14756
    1476
    1477
    1478
    1479
    148
    1480
    1481
    1482
    14827
    1483
    1484
    14840
    14841
    1485
    1486
    1487
    14870
    1488
    14883
    1489
    149
    1490
    14903
    1491
    1492
    1493
    1494
    1495
    14953
    1496
    1497
    1498
    1499
    15
    150
    1500
    1501
    1502
    15025
    1503
    1504
    15048
    1506
    1507
    1508
    1509
    151
    1510
    15100
    1511
    15118
    1512
    1513
    1514
    1515
    1516
    1517
    1518
    1519
    152
    1520
    1521
    1522
    1523
    1524
    1525
    1526
    1527
    1528
    1529
    153
    1530
    1531
    1532
    1533
    1534
    1535
    1536
    1537
    1538
    1539
    154
    1540
    1541
    1542
    1543
    1544
    1545
    1546
    15464
    1547
    1548
    1549
    155
    1550
    1551
    1552
    15520
    1553
    1554
    1555
    1556
    1557
    1558
    1559
    156
    1560
    1561
    1562
    1563
    1564
    1565
    1566
    1567
    1568
    1569
    157
    1570
    1571
    1572
    1573
    1574
    15740
    1575
    1576
    1577
    1578
    1579
    158
    1580
    1581
    1582
    1583
    1584
    1585
    1586
    1587
    1588
    1589
    159
    1590
    1591
    1592
    1593
    1594
    1595
    1596
    1597
    1598
    1599
    16
    160
    1600
    1601
    1602
    16026
    1603
    1604
    1605
    1606
    1607
    1608
    1609
    161
    1610
    1611
    1612
    1613
    1614
    1615
    1616
    1617
    1618
    1619
    162
    1620
    1621
    1622
    1623
    1624
    1625
    1626
    1627
    1628
    1629
    163
    1630
    1631
    1632
    1633
    16338
    1634
    16346
    1635
    1636
    1637
    1638
    1639
    164
    1640
    1641
    16416
    1642
    1643
    1644
    1645
    1646
    1647
    16478
    1648
    1649
    165
    1650
    1651
    1652
    1653
    1654
    1655
    1656
    1657
    1658
    1659
    166
    1660
    16603
    1661
    1662
    1663
    1664
    1665
    1666
    1667
    1668
    1669
    167
    1670
    1671
    16719
    1672
    1673
    1674
    1675
    16755
    1676
    1677
    1678
    1679
    168
    1680
    1681
    1682
    1683
    1684
    1685
    1686
    1687
    1688
    1689
    169
    1690
    1691
    1692
    1693
    1694
    16940
    1695
    1696
    1697
    1698
    1699
    17
    170
    1700
    1701
    1702
    1703
    1704
    1705
    1706
    1707
    1708
    1709
    171
    1710
    1711
    1712
    1713
    1714
    1715
    1716
    17165
    1717
    1718
    1719
    172
    1720
    1721
    1722
    1723
    1724
    1725
    1726
    1727
    1728
    1729
    173
    1730
    1731
    1732
    1733
    1734
    1735
    1736
    1738
    1739
    174
    1741
    1742
    1743
    17439
    1744
    1745
    17450
    1746
    1747
    17475
    1748
    1749
    175
    1750
    1751
    1752
    1753
    1754
    17548
    1755
    1756
    1757
    1758
    1759
    17596
    176
    1760
    1761
    17618
    1763
    17638
    1765
    1766
    1767
    1768
    17689
    1769
    177
    1770
    1771
    1772
    1774
    1775
    17750
    1776
    1777
    1778
    1779
    178
    1780
    17802
    1781
    1783
    1784
    1785
    1787
    1788
    1789
    179
    1790
    1791
    1792
    1793
    17931
    1794
    1795
    1796
    1797
    1799
    18
    180
    1800
    1801
    1802
    1803
    1804
    1805
    18054
    18055
    1806
    1807
    1808
    1809
    181
    1811
    1812
    1813
    1814
    1815
    1816
    1819
    182
    1820
    1821
    1822
    1823
    1824
    1825
    18250
    1826
    1827
    1828
    1829
    183
    1830
    1831
    1834
    1835
    1836
    1837
    1838
    1839
    184
    1840
    1841
    1842
    1843
    1844
    1845
    1846
    1847
    1848
    1849
    185
    1850
    1851
    1853
    1855
    1856
    1857
    1858
    1859
    186
    1861
    1863
    1864
    1865
    1866
    1868
    1869
    187
    1870
    1872
    1873
    1874
    1875
    1876
    18762
    18767
    1877
    1878
    1879
    188
    1880
    1882
    1883
    1884
    1885
    1886
    18868
    1887
    1888
    1889
    189
    1890
    1891
    1892
    1893
    1894
    1895
    1896
    1897
    1898
    1899
    19
    190
    1900
    1901
    1902
    19028
    1903
    1904
    1905
    1907
    1908
    1909
    191
    1911
    1912
    19130
    1914
    1916
    1917
    1918
    1919
    192
    1920
    1921
    1922
    1923
    1926
    1927
    1928
    193
    1930
    1931
    1933
    1934
    19349
    1935
    1937
    1938
    1939
    194
    1940
    1942
    1943
    1944
    19448
    1945
    1946
    1947
    1949
    195
    1950
    1951
    1952
    1953
    1954
    19551
    1956
    1957
    1958
    1959
    196
    1960
    1961
    1962
    1963
    1964
    1965
    1966
    1968
    197
    1974
    1975
    1977
    1979
    198
    1980
    1982
    1983
    1984
    1985
    1986
    1987
    1989
    199
    1991
    1992
    1993
    1995
    1997
    1998
    2
    20
    200
    2000
    2001
    2003
    2004
    2005
    2009
    201
    2011
    2012
    2013
    2014
    2015
    2016
    2017
    2018
    2019
    202
    2020
    2021
    20217
    2022
    2023
    2024
    2025
    2027
    2028
    20289
    203
    2030
    2032
    2035
    2036
    2037
    2038
    2039
    204
    2041
    20418
    20422
    2044
    2045
    2046
    2047
    2048
    20492
    205
    2051
    2052
    2054
    2055
    2056
    2058
    206
    2060
    2061
    2063
    2065
    2067
    2068
    2069
    207
    2070
    2071
    2073
    2074
    2075
    2076
    2077
    2078
    2079
    208
    2080
    2081
    2084
    2087
    2088
    2089
    209
    2091
    2092
    2093
    2094
    2095
    2096
    2097
    2098
    21
    210
    2101
    2103
    21032
    2105
    2106
    21060
    2107
    2108
    2109
    211
    2110
    2112
    2116
    2117
    2118
    2119
    212
    2125
    2126
    2127
    2128
    213
    2130
    2131
    2132
    2137
    214
    2140
    2142
    2143
    2145
    2146
    2147
    2148
    215
    21502
    2153
    2154
    2155
    2157
    2158
    2159
    216
    2160
    2161
    2162
    2164
    2165
    2169
    217
    2173
    2174
    2175
    21759
    2176
    21761
    218
    2181
    2182
    2185
    21854
    2186
    2187
    21888
    219
    2191
    21928
    2196
    2198
    2199
    22
    220
    2200
    2203
    2204
    221
    2212
    2213
    2215
    2217
    222
    2221
    2224
    2225
    2228
    2229
    223
    2230
    2233
    2234
    2235
    2236
    2238
    2239
    224
    2242
    2244
    2246
    2249
    225
    2252
    2253
    2259
    226
    2260
    2261
    2265
    2267
    2269
    227
    2272
    2273
    22755
    2276
    2277
    2278
    2279
    228
    2280
    2283
    2288
    2289
    229
    2291
    2292
    2294
    2298
    2299
    23
    230
    2302
    2305
    2306
    2307
    2308
    2309
    231
    2312
    2313
    2317
    2319
    232
    2321
    2322
    2323
    2324
    23244
    2325
    2327
    2328
    2329
    233
    2333
    2335
    2338
    23390
    234
    2340
    2345
    2346
    2349
    235
    2350
    2351
    2352
    2354
    236
    2362
    2363
    2364
    2366
    2369
    237
    2370
    2372
    2374
    2375
    2377
    2378
    238
    2382
    2383
    2384
    239
    2391
    2392
    2394
    2396
    2398
    24
    240
    2400
    2403
    2409
    241
    2410
    2412
    2413
    2415
    2418
    2419
    24192
    242
    2421
    24225
    24226
    2427
    2428
    2429
    243
    24322
    2435
    2439
    244
    2441
    2444
    2447
    2448
    2449
    245
    24502
    2451
    2452
    2455
    246
    2462
    2463
    24632
    2464
    2465
    24655
    2466
    2469
    247
    2472
    2475
    2476
    2477
    2479
    24799
    248
    24805
    24806
    2485
    2486
    2487
    24897
    249
    2493
    2495
    2496
    2497
    2499
    25
    250
    2503
    2504
    2505
    2506
    251
    25140
    2515
    2516
    25169
    2519
    252
    2520
    2521
    2523
    25243
    25253
    2529
    25298
    253
    2530
    25331
    25338
    2536
    2537
    2539
    254
    2540
    2541
    2544
    2545
    255
    2553
    2554
    2557
    2558
    2559
    256
    2560
    25605
    2564
    2565
    257
    2570
    2573
    2575
    2578
    258
    2583
    259
    25922
    2596
    2599
    26
    260
    2600
    2602
    26077
    2609
    261
    2613
    26134
    2615
    2616
    2617
    262
    26264
    263
    2631
    2637
    26371
    264
    2641
    2646
    265
    2652
    2653
    2654
    2655
    2659
    26590
    266
    2660
    2661
    2665
    267
    2670
    2676
    2679
    268
    2682
    2685
    2686
    269
    2691
    2692
    2693
    2697
    27
    270
    2703
    2706
    27098
    271
    2713
    2714
    2716
    272
    2720
    2724
    2729
    273
    2731
    2735
    274
    2745
    275
    2751
    2756
    276
    2765
    277
    2770
    2771
    2775
    27752
    2776
    278
    2780
    2781
    2783
    2788
    279
    2795
    2796
    2799
    28
    280
    2802
    2809
    281
    2810
    2815
    2817
    282
    2821
    2824
    283
    2834
    2835
    284
    2845
    285
    2851
    2853
    2854
    2856
    28594
    286
    2860
    2861
    2865
    287
    28746
    288
    2882
    2885
    2886
    289
    2891
    2895
    2897
    29
    290
    2905
    2909
    291
    2913
    2914
    292
    2925
    2926
    2928
    293
    2933
    2939
    294
    2949
    295
    2951
    2954
    2955
    2956
    296
    2960
    2961
    2963
    2966
    2969
    297
    2970
    2972
    2975
    298
    2984
    299
    2992
    2996
    2998
    3
    30
    300
    3000
    3002
    301
    30134
    3015
    302
    3021
    3025
    30274
    303
    3031
    3035
    3039
    304
    3040
    30417
    305
    3051
    3052
    3057
    3059
    306
    30641
    3066
    3069
    307
    3071
    3072
    3077
    308
    3089
    309
    3095
    3099
    31
    310
    311
    312
    3127
    313
    3137
    3138
    3139
    314
    3140
    3141
    3143
    31478
    315
    3159
    316
    3163
    3167
    3169
    317
    3173
    3176
    3177
    318
    3186
    31872
    319
    3195
    32
    320
    3200
    32041
    32058
    3208
    3209
    321
    3216
    322
    3220
    3224
    3226
    323
    3230
    3239
    324
    3242
    3243
    3244
    3245
    32498
    325
    326
    3262
    3264
    3265
    3268
    327
    3278
    328
    3280
    3281
    32816
    3282
    3285
    329
    3290
    3294
    3296
    33
    330
    3302
    331
    3310
    3312
    332
    3326
    33273
    333
    3338
    334
    3344
    335
    3353
    3354
    336
    3363
    3368
    337
    338
    3380
    3381
    3389
    339
    3399
    34
    340
    3408
    341
    3416
    3418
    342
    3421
    3428
    343
    3432
    3434
    3436
    3437
    344
    3441
    3443
    3444
    3447
    345
    3450
    3451
    346
    3463
    3466
    3469
    347
    34716
    3474
    3479
    348
    3481
    3483
    3488
    349
    34913
    3497
    3499
    35
    350
    35029
    3503
    351
    352
    3522
    3525
    353
    3533
    3537
    3538
    354
    3542
    3546
    355
    3550
    3552
    3555
    35597
    356
    3566
    3569
    357
    3573
    3575
    3577
    358
    3582
    3583
    3586
    3587
    359
    3594
    3595
    3597
    3598
    36
    360
    3605
    361
    3610
    3618
    362
    3620
    363
    3635
    364
    3644
    3649
    365
    366
    3662
    3665
    3669
    367
    3670
    368
    3686
    369
    3692
    3694
    37
    370
    3705
    3709
    371
    3717
    372
    3723
    3729
    373
    3737
    3739
    374
    3740
    3742
    3746
    3749
    375
    376
    377
    3771
    3777
    378
    379
    3791
    38
    380
    3808
    381
    382
    383
    3831
    3837
    3838
    3839
    384
    3845
    3846
    385
    3852
    3857
    386
    3861
    3864
    387
    38798
    388
    3881
    3882
    3883
    389
    3891
    3897
    39
    390
    3905
    3906
    391
    3910
    3917
    3919
    392
    393
    3939
    394
    395
    3952
    39599
    396
    3961
    3962
    3967
    3969
    397
    3971
    3977
    398
    3981
    3985
    399
    3994
    3995
    39951
    3997
    4
    40
    400
    4001
    4003
    4006
    4009
    401
    4011
    402
    4020
    4021
    40242
    40273
    4028
    403
    4031
    4038
    404
    4042
    4044
    405
    4056
    406
    40606
    4061
    4062
    40678
    407
    4070
    4072
    4075
    4077
    408
    4083
    4086
    4089
    409
    4091
    4094
    40949
    4099
    41
    410
    41079
    411
    4119
    412
    4120
    4123
    4124
    413
    4134
    4138
    414
    4143
    415
    4153
    4154
    41548
    4156
    4157
    416
    4161
    4164
    417
    4172
    4173
    4174
    4176
    418
    4184
    4189
    419
    4190
    4198
    4199
    42
    420
    4204
    421
    4210
    4219
    422
    4222
    4227
    423
    4239
    424
    4246
    425
    426
    4269
    427
    4272
    4273
    4274
    4275
    428
    4289
    429
    4291
    4294
    4295
    43
    430
    431
    4310
    4317
    432
    4327
    433
    4330
    4334
    43393
    434
    435
    4353
    4357
    436
    4360
    4361
    437
    438
    4381
    4382
    4386
    4388
    439
    4391
    4392
    4397
    44
    440
    441
    4411
    442
    4427
    4428
    4429
    443
    4432
    4433
    4438
    444
    4442
    4448
    4449
    445
    4459
    446
    4461
    4463
    4465
    447
    4471
    4472
    448
    4483
    449
    4493
    4497
    4499
    45
    450
    451
    4517
    4518
    4519
    452
    4520
    4521
    4525
    4527
    4529
    453
    454
    4542
    455
    4551
    456
    4560
    4568
    457
    4579
    458
    4580
    4581
    459
    4594
    45983
    4599
    46
    460
    4609
    461
    4618
    462
    4622
    4623
    463
    4637
    464
    4648
    465
    466
    4660
    4666
    467
    4671
    468
    4688
    469
    4690
    47
    470
    4700
    471
    4715
    472
    4720
    4728
    473
    4739
    474
    475
    476
    4761
    477
    478
    479
    4797
    48
    480
    4808
    481
    482
    4827
    483
    4836
    4837
    484
    485
    4854
    486
    4864
    487
    488
    4883
    4889
    489
    49
    490
    491
    49167
    492
    493
    4931
    494
    4949
    495
    4955
    496
    497
    498
    4984
    499
    5
    50
    500
    50087
    501
    50161
    502
    503
    5032
    5038
    504
    505
    5051
    506
    507
    5073
    508
    50813
    5086
    509
    50941
    51
    510
    5106
    5107
    511
    512
    5127
    513
    5138
    514
    5148
    515
    5152
    516
    5164
    517
    5177
    518
    5186
    519
    52
    520
    5206
    521
    5214
    522
    523
    524
    525
    5256
    526
    5262
    527
    528
    529
    53
    530
    5302
    5306
    5309
    531
    532
    5323
    533
    534
    5347
    535
    5350
    536
    537
    538
    5384
    539
    54
    540
    541
    542
    543
    544
    545
    546
    547
    548
    5481
    549
    55
    550
    551
    5510
    552
    5526
    553
    5530
    554
    555
    556
    557
    5574
    5579
    558
    5583
    559
    56
    560
    5606
    5608
    561
    562
    5621
    5626
    563
    5631
    564
    565
    5656
    566
    5668
    567
    568
    5681
    569
    57
    570
    5708
    571
    5718
    572
    573
    5732
    5737
    574
    575
    5754
    5756
    576
    577
    578
    5786
    579
    5795
    58
    580
    581
    5812
    582
    5825
    583
    584
    585
    586
    587
    588
    589
    5892
    59
    590
    591
    592
    593
    594
    595
    596
    5964
    597
    598
    5986
    599
    5993
    6
    60
    600
    6006
    601
    602
    603
    604
    605
    606
    6069
    607
    608
    6089
    609
    61
    610
    6100
    611
    6110
    612
    6122
    613
    6136
    614
    6146
    6147
    615
    6152
    6158
    616
    617
    618
    619
    6195
    62
    620
    621
    622
    623
    6230
    624
    625
    626
    627
    6278
    628
    629
    6299
    63
    630
    631
    632
    6329
    633
    6338
    634
    635
    636
    637
    638
    6381
    639
    64
    640
    6403
    6408
    641
    6417
    642
    643
    6435
    644
    645
    646
    647
    648
    649
    65
    650
    6509
    651
    652
    653
    6539
    654
    655
    656
    657
    658
    659
    66
    660
    661
    662
    663
    6638
    664
    665
    6659
    666
    667
    668
    669
    67
    670
    671
    672
    673
    674
    675
    6753
    6755
    6758
    676
    677
    678
    6785
    679
    68
    680
    6801
    681
    682
    683
    684
    6848
    685
    6856
    686
    6865
    687
    6873
    688
    689
    6898
    69
    690
    6901
    691
    6918
    692
    6928
    693
    6931
    694
    695
    696
    697
    6971
    6973
    698
    6982
    6984
    699
    6990
    7
    70
    700
    701
    702
    7022
    7026
    703
    7030
    704
    705
    7051
    706
    707
    7079
    708
    7085
    709
    71
    710
    7107
    711
    712
    713
    714
    715
    7158
    716
    717
    718
    719
    7194
    72
    720
    721
    7211
    7214
    722
    7227
    723
    724
    7240
    7246
    725
    726
    727
    728
    7285
    729
    73
    730
    731
    7319
    732
    733
    734
    735
    736
    737
    738
    7380
    739
    74
    740
    741
    742
    743
    744
    745
    746
    747
    748
    749
    75
    750
    751
    752
    753
    7536
    754
    755
    756
    7560
    757
    758
    759
    76
    760
    761
    7612
    762
    763
    764
    765
    766
    767
    768
    769
    77
    770
    771
    772
    773
    7730
    774
    775
    776
    7769
    777
    778
    779
    78
    780
    7803
    781
    782
    7825
    783
    784
    7848
    785
    786
    787
    788
    789
    79
    790
    7909
    791
    7916
    792
    793
    7935
    794
    7946
    7949
    795
    796
    797
    798
    799
    8
    80
    800
    8001
    801
    802
    8025
    803
    804
    805
    806
    807
    808
    809
    81
    810
    8102
    811
    812
    813
    814
    815
    816
    817
    818
    8184
    819
    82
    820
    8204
    821
    822
    823
    824
    8242
    825
    826
    8269
    827
    828
    829
    8299
    83
    830
    831
    832
    833
    834
    835
    8356
    836
    837
    8375
    838
    839
    84
    840
    841
    8419
    842
    843
    8437
    844
    845
    846
    847
    8475
    848
    849
    85
    850
    851
    8511
    852
    853
    854
    855
    856
    857
    858
    859
    86
    860
    861
    862
    863
    8630
    864
    865
    866
    867
    8673
    868
    869
    87
    870
    871
    872
    873
    874
    875
    8753
    876
    877
    878
    879
    88
    880
    881
    882
    883
    884
    885
    8852
    886
    887
    888
    8885
    8888
    889
    89
    890
    891
    892
    893
    894
    895
    896
    897
    8974
    898
    899
    9
    90
    900
    901
    902
    903
    904
    905
    906
    907
    9072
    908
    909
    9094
    91
    910
    911
    912
    913
    914
    915
    916
    917
    918
    919
    92
    920
    921
    922
    923
    924
    925
    926
    9266
    927
    928
    929
    9292
    93
    930
    9309
    931
    932
    933
    934
    9343
    935
    936
    937
    938
    9381
    939
    94
    940
    941
    9410
    942
    943
    944
    9442
    945
    9452
    946
    947
    948
    9488
    949
    95
    950
    951
    952
    953
    954
    955
    9558
    956
    957
    958
    959
    96
    960
    961
    962
    963
    964
    965
    966
    967
    968
    969
    97
    970
    9705
    971
    972
    9725
    973
    974
    975
    976
    9767
    977
    978
    979
    9795
    98
    980
    981
    982
    983
    9838
    984
    985
    9855
    9856
    986
    9867
    987
    988
    989
    99
    990
    9908
    991
    992
    993
    994
    995
    996
    997
    998
    999
------

