---------------------------
---------------------------
VOTES CHECK
---------------------------
---------------------------

------------
CHARACTER CHECK

------
UNRECOGNIZED CHARACTERS
    No Problems Found :) 
------

------
UNRECOGNIZED NEGATIVE SIGNS
    No Problems Found :) 
------

------
UNRECOGNIZED LEADING ZEROS
    No Problems Found :) 
------

------
(POSSIBLY) INVALID NEGATIVE VALUES
    No Problems Found :) 
------

------------


------------
SIMILARITY CHECK

------
CONTAINS/IS SIMILAR TO EMPTY: 
    No Problems Found :) 
------

------
CONTAINS/IS SIMILAR TO EXACT EMPTY: 
    No Problems Found :) 
------

------------


---------
------
ALL VALUES:
    1
    10
    100
    1000
    1001
    1002
    1003
    1005
    1006
    1007
    1008
    101
    1010
    1011
    1012
    1013
    1014
    1015
    1016
    1017
    1018
    1019
    102
    1020
    1022
    1023
    1024
    1026
    1027
    1028
    1029
    103
    1030
    1031
    1032
    1033
    1034
    1035
    1036
    1037
    1038
    1039
    104
    1040
    1041
    1042
    1043
    1044
    1045
    1046
    1047
    1048
    1049
    105
    1050
    1051
    1052
    1053
    1055
    1056
    1057
    1058
    1059
    106
    1060
    1061
    1063
    1064
    1065
    1066
    1067
    1068
    1069
    107
    1070
    1071
    1072
    1073
    1074
    1075
    1076
    1078
    1079
    108
    1080
    1081
    1083
    1084
    1085
    1086
    1087
    1088
    1089
    109
    1090
    1091
    1092
    1093
    1094
    1095
    1097
    1098
    1099
    11
    110
    1100
    1101
    1102
    1103
    1104
    1105
    1106
    1107
    1108
    111
    1110
    1112
    1113
    1114
    1115
    1116
    1117
    1118
    1119
    112
    1120
    1121
    1122
    1124
    1125
    1126
    1127
    1128
    1129
    113
    1130
    1131
    1132
    1133
    1136
    1137
    1138
    114
    1140
    1141
    1142
    1143
    1145
    1146
    1147
    1148
    1149
    115
    1150
    1151
    1154
    1155
    1157
    1158
    1159
    116
    1160
    1161
    1162
    1163
    1165
    1166
    1167
    1168
    1169
    117
    1170
    1173
    1174
    1175
    1176
    1177
    1178
    118
    1180
    1181
    1182
    1183
    1184
    1186
    1187
    1188
    1189
    119
    1190
    1191
    1193
    1194
    1195
    1196
    1197
    1198
    1199
    12
    120
    1200
    1201
    1203
    1205
    1207
    1208
    1209
    121
    1210
    1211
    1212
    1214
    1215
    1216
    1217
    1219
    122
    1220
    1221
    1222
    1223
    1224
    1226
    1227
    1228
    1229
    123
    1230
    1231
    1232
    1233
    1234
    1235
    1236
    1237
    1238
    124
    1240
    1242
    1243
    1244
    1245
    1246
    1247
    1248
    1249
    125
    1251
    1252
    1253
    1256
    1258
    1259
    126
    1260
    1262
    1263
    1264
    1265
    1266
    1268
    1269
    127
    1270
    1271
    1272
    1273
    1274
    1275
    1277
    128
    1281
    1282
    1284
    1285
    1286
    1287
    1288
    1289
    129
    1290
    1291
    1292
    1293
    1294
    1295
    1296
    1297
    1298
    1299
    13
    130
    1300
    1301
    1302
    1303
    1304
    1305
    1306
    1307
    1308
    1309
    131
    1311
    1312
    1314
    1315
    1316
    1317
    1318
    1319
    132
    1320
    1322
    1323
    1324
    1325
    1326
    1327
    1328
    1329
    133
    1330
    1331
    1332
    1333
    1334
    1335
    1336
    1339
    134
    1340
    1341
    1342
    1343
    1344
    1346
    1347
    1348
    1349
    135
    1350
    1351
    1353
    1354
    1356
    1357
    1358
    136
    1360
    1361
    1362
    1363
    1365
    1366
    1367
    1368
    1369
    137
    1370
    1371
    1372
    1373
    1374
    1375
    1376
    1378
    1379
    138
    1380
    1382
    1383
    1384
    1385
    1387
    1388
    1389
    139
    1390
    1391
    1392
    1393
    1394
    1395
    1396
    1397
    1398
    1399
    14
    140
    1400
    1402
    1403
    1404
    1405
    1406
    1407
    1408
    1409
    141
    1410
    1411
    1412
    1413
    1415
    1416
    1417
    1418
    142
    1420
    1421
    1422
    1423
    1424
    1425
    1426
    1427
    1428
    1429
    143
    1430
    1432
    1433
    1435
    1436
    1437
    1438
    1439
    144
    1440
    1441
    1443
    1444
    1445
    1446
    1447
    1449
    145
    1450
    1451
    1452
    1453
    1454
    1455
    1456
    1457
    1459
    146
    1460
    1462
    1463
    1464
    1465
    1466
    1467
    1468
    1469
    147
    1470
    1471
    1474
    1475
    1476
    1477
    1479
    148
    1480
    1481
    1486
    1487
    1488
    1489
    149
    1490
    1491
    1493
    1495
    1496
    1497
    1498
    15
    150
    1500
    1502
    1503
    1504
    1505
    1506
    1507
    1508
    1509
    151
    1511
    1512
    1513
    1514
    1516
    1517
    1518
    1519
    152
    1520
    1521
    1523
    1525
    1526
    1527
    1529
    153
    1531
    1532
    1533
    1534
    1535
    1536
    1538
    1539
    154
    1540
    1542
    1543
    1544
    1547
    1548
    1549
    155
    1550
    1551
    1553
    1554
    1557
    156
    1560
    1561
    1562
    1563
    1565
    1566
    1567
    1569
    157
    1571
    1572
    1574
    1575
    1576
    1577
    1578
    1579
    158
    1580
    1582
    1583
    1584
    1585
    1588
    1589
    159
    1591
    1593
    1595
    1597
    1598
    1599
    16
    160
    1600
    1602
    1604
    1605
    1606
    1608
    1609
    161
    1611
    1612
    1613
    1614
    1615
    1618
    162
    1621
    1623
    1624
    1625
    1628
    1629
    163
    1630
    1631
    1633
    1635
    1637
    1638
    1639
    164
    1640
    1641
    1642
    1643
    1644
    1645
    1647
    1648
    1649
    165
    1652
    1653
    1654
    1655
    1656
    1658
    1659
    166
    1660
    1661
    1662
    1665
    1666
    1668
    1669
    167
    1672
    1673
    1674
    1676
    1677
    1678
    1679
    168
    1680
    1681
    1682
    1683
    1687
    1688
    169
    1690
    1691
    1694
    1699
    17
    170
    1700
    1702
    1704
    1705
    1706
    1707
    1709
    171
    1710
    1711
    1712
    1716
    1717
    1718
    1719
    172
    1720
    1722
    1725
    1726
    173
    1734
    1735
    1736
    1738
    174
    1741
    1743
    1744
    1745
    1746
    1748
    1749
    175
    1750
    1751
    1753
    1754
    1755
    1757
    1759
    176
    1760
    1764
    1765
    1769
    177
    1770
    1771
    1773
    1774
    1775
    1777
    1778
    178
    1781
    1784
    1785
    1786
    179
    1791
    1792
    1794
    1795
    1797
    1798
    1799
    18
    180
    1800
    1802
    1804
    1807
    1809
    181
    1811
    1812
    1816
    1818
    1819
    182
    1820
    1821
    1823
    1824
    1825
    1828
    183
    1832
    1835
    1836
    1838
    1839
    184
    1840
    1841
    1843
    1844
    1849
    185
    1850
    1851
    1852
    1853
    1855
    1856
    1857
    1858
    1859
    186
    1862
    1866
    1867
    1868
    1869
    187
    1870
    1872
    1873
    1875
    1878
    188
    1880
    1881
    1883
    1885
    1889
    189
    1890
    1892
    1893
    1894
    1895
    1896
    1897
    1898
    19
    190
    1900
    1901
    1902
    1903
    1904
    1905
    1909
    191
    1912
    1917
    192
    1920
    1925
    1926
    1928
    193
    1930
    1931
    1932
    1934
    1935
    1937
    194
    1940
    1943
    1944
    1945
    1947
    195
    1951
    1958
    196
    1961
    1963
    1965
    1966
    1967
    1968
    197
    1970
    1971
    1974
    1975
    1978
    1979
    198
    1980
    1981
    1982
    1985
    1986
    1987
    1989
    199
    1990
    1991
    1993
    1996
    1999
    2
    20
    200
    2001
    2002
    2003
    2004
    2005
    2007
    2009
    201
    2013
    2015
    2016
    2018
    2019
    202
    2021
    2024
    2025
    2027
    2029
    203
    2030
    2031
    2037
    2038
    2039
    204
    2040
    2041
    2045
    2046
    205
    2050
    2053
    2055
    2056
    2058
    206
    2060
    2063
    2064
    2065
    2066
    2068
    207
    2071
    2073
    2075
    2076
    2077
    2078
    208
    2080
    2085
    2088
    2089
    209
    2091
    2093
    2096
    2098
    21
    210
    2103
    2104
    2107
    2109
    211
    2110
    2111
    2113
    2114
    2115
    2116
    2118
    2119
    212
    2120
    2121
    2122
    2124
    2125
    2127
    2129
    213
    2130
    2132
    2133
    2134
    2135
    2136
    2137
    2139
    214
    2142
    2144
    2145
    2148
    2149
    215
    2152
    2153
    2154
    2156
    216
    2160
    2161
    2162
    2164
    2165
    2168
    217
    2172
    2174
    2176
    218
    2180
    2181
    2184
    2185
    219
    2191
    2194
    2195
    2198
    22
    220
    2200
    2205
    221
    2211
    2212
    2213
    2216
    2217
    2219
    222
    2220
    2221
    2224
    2225
    2227
    2228
    223
    2230
    2231
    2237
    224
    2240
    2241
    2243
    2245
    2247
    2248
    225
    2255
    2256
    2258
    2259
    226
    2260
    2261
    2265
    2267
    2269
    227
    2270
    2276
    2277
    2278
    228
    2282
    2286
    229
    2292
    2293
    2294
    2296
    2298
    23
    230
    2302
    2303
    2304
    2305
    2307
    2308
    231
    2311
    2315
    2317
    2319
    232
    2320
    2323
    2324
    2329
    233
    2334
    234
    2341
    2342
    2344
    235
    2358
    236
    2360
    2364
    2367
    2368
    2369
    237
    2373
    2374
    2376
    2377
    2379
    238
    2386
    239
    2390
    2391
    2394
    2395
    2398
    24
    240
    2400
    2407
    241
    2415
    2419
    242
    2424
    2426
    2428
    243
    2433
    2434
    2437
    244
    2448
    245
    2450
    2451
    2452
    2453
    2454
    246
    2462
    2469
    247
    2473
    2476
    248
    2480
    2482
    2485
    2486
    249
    2497
    2498
    25
    250
    2502
    251
    2510
    2513
    2514
    2516
    2518
    252
    2521
    2526
    253
    2533
    2536
    254
    2543
    2548
    2549
    255
    2557
    256
    2562
    2563
    2564
    2568
    257
    2575
    2579
    258
    2580
    2583
    2585
    2589
    259
    2590
    2592
    2594
    2598
    2599
    26
    260
    2607
    2609
    261
    2611
    2616
    262
    2623
    2626
    263
    2632
    2636
    2637
    2638
    264
    2641
    2644
    2647
    265
    2651
    2656
    2658
    266
    2663
    2666
    2667
    2668
    267
    2670
    268
    2682
    2686
    2687
    2689
    269
    2690
    2691
    2696
    27
    270
    2701
    2705
    2706
    271
    2710
    2712
    2718
    272
    2722
    2726
    273
    2737
    2739
    274
    2740
    2741
    2742
    2747
    2748
    2749
    275
    2750
    2751
    2759
    276
    2768
    2769
    277
    2770
    2773
    2776
    2778
    2779
    278
    2784
    279
    2798
    28
    280
    281
    2813
    2817
    2818
    282
    2822
    2826
    283
    2831
    2834
    284
    2841
    2845
    2849
    285
    2853
    2855
    2857
    2858
    286
    2861
    2863
    287
    2871
    2878
    288
    289
    2896
    29
    290
    2900
    2902
    2906
    291
    292
    2920
    2924
    2929
    293
    2937
    294
    2945
    295
    2950
    2951
    2952
    2954
    296
    2963
    2964
    2966
    2968
    2969
    297
    2974
    2978
    2979
    298
    2980
    2981
    2985
    2989
    299
    2992
    2994
    2998
    3
    30
    300
    3006
    301
    3018
    302
    3023
    3026
    303
    3032
    3033
    3034
    3038
    3039
    304
    3040
    3048
    305
    3052
    3053
    306
    3063
    307
    308
    3084
    3088
    309
    3090
    3094
    31
    310
    3101
    3102
    3109
    311
    3114
    3117
    312
    313
    3131
    3132
    3137
    314
    3142
    3145
    315
    3158
    3159
    316
    3160
    3162
    317
    3172
    318
    3187
    3188
    319
    32
    320
    3202
    321
    3211
    3217
    322
    3220
    3225
    323
    324
    3246
    325
    3255
    326
    3266
    327
    3270
    3279
    328
    329
    3291
    3292
    3299
    33
    330
    3303
    3308
    331
    3310
    3315
    3319
    332
    3325
    333
    3331
    334
    3345
    335
    3358
    336
    3366
    337
    3373
    3374
    338
    339
    34
    340
    3406
    341
    3418
    342
    3425
    343
    344
    3447
    345
    3459
    346
    3461
    3466
    347
    348
    3483
    349
    35
    350
    3503
    351
    3510
    352
    3529
    353
    3530
    3538
    354
    355
    3557
    3559
    356
    357
    358
    3581
    3582
    3589
    359
    3592
    3597
    36
    360
    3609
    361
    3614
    3616
    362
    363
    3630
    3632
    364
    3640
    3646
    3648
    365
    3651
    366
    367
    368
    369
    37
    370
    3705
    371
    3717
    372
    373
    3733
    3739
    374
    3743
    375
    376
    3760
    3763
    377
    3778
    3779
    378
    3780
    3781
    3789
    379
    3794
    3798
    38
    380
    381
    3810
    3812
    3814
    3815
    382
    383
    384
    385
    386
    3867
    387
    3870
    3877
    388
    389
    39
    390
    3908
    391
    3915
    3916
    392
    3929
    393
    394
    395
    396
    397
    398
    3989
    399
    3992
    3995
    4
    40
    400
    401
    402
    403
    4035
    4036
    404
    4046
    405
    4050
    4058
    406
    407
    408
    409
    4090
    4092
    41
    410
    411
    412
    413
    4138
    414
    415
    4154
    4155
    416
    417
    4178
    418
    419
    4192
    4199
    42
    420
    421
    422
    423
    424
    425
    426
    427
    428
    429
    4295
    43
    430
    431
    432
    4328
    433
    434
    435
    436
    437
    438
    439
    44
    440
    4406
    441
    442
    4423
    443
    444
    4444
    4448
    445
    446
    447
    448
    449
    45
    450
    451
    452
    453
    454
    455
    456
    4567
    457
    458
    459
    4596
    46
    460
    461
    462
    4629
    463
    4630
    464
    465
    466
    467
    468
    469
    47
    470
    471
    472
    473
    474
    475
    476
    477
    478
    479
    48
    480
    481
    482
    483
    4832
    484
    485
    486
    487
    488
    489
    49
    490
    491
    492
    493
    494
    495
    497
    498
    499
    5
    50
    500
    501
    502
    5028
    503
    504
    505
    506
    507
    508
    509
    51
    510
    511
    512
    513
    514
    515
    516
    517
    518
    519
    52
    520
    521
    522
    523
    5233
    524
    525
    5254
    526
    527
    528
    529
    53
    530
    531
    532
    533
    534
    535
    536
    537
    538
    539
    54
    540
    541
    542
    543
    544
    545
    546
    547
    548
    549
    55
    550
    551
    552
    553
    554
    555
    556
    557
    558
    559
    56
    560
    561
    562
    563
    564
    565
    566
    567
    568
    569
    57
    570
    571
    572
    573
    574
    575
    576
    577
    578
    579
    58
    580
    581
    582
    583
    584
    585
    586
    587
    588
    589
    59
    590
    591
    592
    593
    594
    595
    596
    597
    598
    599
    6
    60
    600
    601
    602
    603
    604
    605
    606
    607
    608
    609
    61
    610
    611
    612
    613
    614
    615
    616
    617
    618
    619
    62
    620
    621
    622
    623
    624
    625
    626
    627
    628
    629
    63
    630
    631
    632
    633
    634
    635
    636
    637
    638
    639
    64
    640
    641
    642
    644
    645
    646
    647
    648
    649
    65
    650
    651
    652
    653
    654
    655
    656
    657
    658
    659
    66
    660
    661
    662
    663
    664
    665
    666
    669
    67
    670
    671
    672
    673
    674
    675
    676
    677
    678
    679
    68
    680
    681
    682
    683
    684
    685
    686
    687
    688
    689
    69
    690
    691
    692
    693
    694
    695
    696
    697
    698
    699
    7
    70
    700
    701
    702
    703
    704
    705
    706
    707
    708
    709
    71
    710
    711
    713
    714
    715
    716
    717
    718
    719
    72
    720
    721
    722
    723
    724
    725
    726
    727
    728
    729
    73
    730
    731
    732
    733
    734
    735
    736
    737
    738
    739
    74
    740
    741
    742
    743
    744
    745
    746
    747
    748
    749
    75
    750
    751
    752
    753
    754
    755
    756
    757
    758
    759
    76
    760
    761
    762
    763
    764
    765
    766
    767
    768
    77
    770
    771
    772
    773
    774
    775
    776
    777
    778
    779
    78
    780
    781
    782
    783
    784
    785
    786
    787
    789
    79
    790
    791
    792
    793
    794
    795
    796
    797
    798
    799
    8
    80
    800
    801
    802
    803
    804
    805
    806
    807
    808
    809
    81
    810
    811
    812
    813
    814
    815
    816
    817
    818
    819
    82
    820
    821
    822
    823
    824
    825
    826
    827
    828
    829
    83
    830
    831
    832
    833
    834
    835
    836
    837
    838
    839
    84
    840
    841
    843
    844
    845
    846
    847
    848
    849
    85
    850
    851
    852
    853
    854
    855
    856
    857
    858
    859
    86
    860
    861
    862
    863
    864
    865
    866
    867
    868
    869
    87
    870
    871
    872
    874
    875
    876
    878
    879
    88
    880
    881
    882
    883
    884
    885
    886
    887
    888
    889
    89
    890
    891
    892
    893
    894
    895
    896
    897
    898
    9
    90
    900
    901
    902
    903
    904
    905
    906
    908
    909
    91
    910
    911
    912
    914
    915
    916
    917
    918
    919
    92
    921
    922
    923
    924
    925
    926
    927
    928
    929
    93
    930
    931
    932
    934
    935
    936
    937
    938
    939
    94
    940
    941
    942
    943
    944
    945
    946
    947
    948
    95
    950
    951
    952
    953
    954
    955
    956
    957
    958
    959
    96
    960
    961
    962
    963
    964
    965
    966
    967
    968
    969
    97
    970
    971
    972
    973
    974
    975
    976
    977
    978
    979
    98
    980
    981
    982
    983
    984
    985
    986
    987
    988
    989
    99
    990
    991
    992
    994
    995
    996
    997
    999
------

