---------------------------
---------------------------
VOTES CHECK
---------------------------
---------------------------

------------
CHARACTER CHECK

------
UNRECOGNIZED CHARACTERS
    No Problems Found :) 
------

------
UNRECOGNIZED NEGATIVE SIGNS
    No Problems Found :) 
------

------
UNRECOGNIZED LEADING ZEROS
    No Problems Found :) 
------

------
(POSSIBLY) INVALID NEGATIVE VALUES
    No Problems Found :) 
------

------------


------------
SIMILARITY CHECK

------
CONTAINS/IS SIMILAR TO EMPTY: 
    No Problems Found :) 
------

------
CONTAINS/IS SIMILAR TO EXACT EMPTY: 
    No Problems Found :) 
------

------------


---------
------
ALL VALUES:
    0
    1
    10
    100
    1000
    1001
    1002
    1003
    1004
    1006
    1007
    1009
    101
    1010
    1011
    1012
    1013
    1014
    1015
    1016
    1017
    1018
    1019
    102
    1020
    1021
    1022
    1023
    1024
    1025
    1026
    1029
    103
    1030
    1031
    1032
    1033
    1034
    1035
    1036
    1037
    1038
    1039
    104
    1040
    1042
    1044
    1045
    1046
    1047
    1048
    1049
    105
    1050
    1051
    1052
    1053
    1054
    1055
    1056
    1057
    1058
    1059
    106
    1060
    1061
    1062
    1063
    1064
    1065
    1066
    1067
    1068
    1069
    107
    1070
    1071
    1072
    1073
    1075
    1076
    1077
    1078
    108
    1080
    1082
    1083
    1084
    1085
    1087
    1088
    109
    1091
    1092
    1093
    1094
    1095
    1096
    1097
    1098
    1099
    11
    110
    1100
    1101
    1102
    1103
    1105
    1106
    1107
    1108
    1109
    111
    1111
    1113
    1114
    1117
    1118
    1119
    112
    1122
    1123
    1124
    1125
    1127
    1128
    1129
    113
    1130
    1131
    1132
    1133
    1135
    1136
    1137
    1138
    1139
    114
    1140
    1141
    1142
    1145
    1146
    1147
    1148
    1149
    115
    1150
    1151
    1153
    1155
    1156
    1158
    1159
    116
    1161
    1162
    1163
    1165
    1166
    1168
    1169
    117
    1170
    1172
    1173
    1174
    1176
    1177
    1178
    1179
    118
    1180
    1182
    1186
    1187
    1189
    119
    1190
    1191
    1193
    1196
    1197
    1198
    12
    120
    1201
    1203
    1204
    1208
    1209
    121
    1210
    1211
    1213
    1215
    1217
    1218
    122
    1222
    1223
    1225
    1227
    123
    1230
    1231
    1233
    1234
    1236
    1237
    1239
    124
    1240
    1242
    1244
    1247
    1248
    1249
    125
    1250
    1251
    1252
    1254
    1255
    1259
    126
    1261
    1262
    1264
    1266
    1267
    1268
    127
    1270
    1274
    1278
    128
    1282
    1283
    1285
    1288
    129
    1290
    1291
    1294
    1295
    13
    130
    1306
    1307
    131
    1312
    1316
    1317
    1318
    132
    1321
    1323
    1325
    1327
    133
    1333
    1334
    1335
    134
    135
    1351
    1353
    1354
    1355
    136
    1360
    1361
    1362
    1364
    1365
    1367
    1369
    137
    1376
    1377
    1379
    138
    1380
    1382
    1384
    1385
    139
    1391
    1392
    1393
    1394
    1397
    1398
    14
    140
    1402
    1405
    1406
    1407
    141
    1411
    1413
    1415
    1418
    142
    1420
    1427
    143
    1434
    1436
    1438
    144
    1441
    145
    1451
    1454
    1457
    1459
    146
    1460
    1467
    1468
    147
    1471
    1474
    148
    1482
    1485
    1487
    149
    1493
    1497
    1498
    15
    150
    1503
    151
    1510
    1515
    152
    1522
    1528
    153
    1535
    1536
    154
    155
    156
    1560
    1564
    1566
    157
    158
    159
    1599
    16
    160
    161
    1619
    162
    1621
    163
    1632
    1639
    164
    165
    166
    1668
    167
    1670
    1672
    1678
    168
    169
    1694
    1695
    17
    170
    1709
    171
    1719
    172
    173
    174
    175
    1752
    176
    177
    1779
    178
    1781
    179
    18
    180
    1805
    181
    182
    183
    1830
    1831
    1839
    184
    1843
    1848
    185
    1851
    186
    1860
    187
    188
    189
    19
    190
    191
    192
    1920
    193
    1933
    194
    195
    196
    197
    198
    199
    2
    20
    200
    2000
    2007
    201
    202
    203
    204
    205
    2058
    206
    207
    208
    209
    2093
    21
    210
    211
    212
    213
    214
    215
    216
    217
    218
    219
    22
    220
    221
    222
    223
    224
    225
    226
    227
    228
    2281
    229
    23
    230
    2305
    2309
    231
    232
    233
    234
    2346
    235
    236
    237
    238
    239
    24
    240
    241
    2413
    2418
    242
    2420
    243
    244
    245
    246
    247
    2472
    248
    249
    25
    250
    251
    252
    253
    254
    255
    256
    257
    258
    259
    26
    260
    261
    262
    263
    264
    265
    266
    267
    268
    269
    27
    270
    271
    272
    273
    274
    275
    276
    277
    278
    279
    2795
    28
    280
    281
    282
    283
    284
    285
    286
    287
    288
    289
    29
    290
    291
    292
    293
    294
    295
    296
    297
    298
    299
    3
    30
    300
    301
    302
    303
    304
    305
    306
    307
    308
    309
    31
    310
    311
    312
    313
    314
    315
    316
    317
    318
    319
    32
    320
    321
    322
    323
    324
    325
    326
    327
    328
    329
    33
    330
    3303
    331
    332
    333
    334
    335
    336
    337
    338
    339
    34
    340
    341
    342
    343
    344
    345
    346
    347
    348
    349
    35
    350
    351
    352
    353
    354
    355
    356
    357
    358
    359
    36
    360
    361
    362
    363
    364
    365
    366
    367
    368
    369
    37
    370
    371
    372
    373
    374
    375
    376
    377
    378
    379
    38
    380
    381
    382
    383
    384
    385
    386
    387
    388
    389
    39
    390
    391
    392
    393
    394
    395
    396
    397
    398
    399
    4
    40
    400
    401
    402
    403
    404
    405
    406
    407
    408
    409
    41
    410
    411
    412
    413
    414
    415
    416
    417
    418
    419
    42
    420
    421
    422
    423
    424
    425
    426
    427
    428
    429
    43
    430
    431
    432
    433
    434
    435
    436
    437
    438
    439
    44
    440
    441
    442
    443
    444
    445
    446
    447
    448
    449
    45
    450
    451
    452
    453
    454
    455
    456
    457
    458
    459
    46
    460
    461
    462
    463
    464
    465
    466
    467
    468
    469
    47
    470
    471
    472
    473
    474
    475
    476
    477
    478
    479
    48
    480
    481
    482
    483
    484
    485
    486
    487
    488
    489
    49
    490
    491
    492
    493
    494
    495
    496
    497
    498
    499
    5
    50
    500
    501
    502
    503
    504
    505
    506
    507
    508
    509
    51
    510
    511
    512
    513
    514
    515
    516
    517
    518
    519
    52
    520
    521
    522
    523
    524
    525
    526
    527
    528
    529
    53
    530
    531
    532
    533
    534
    535
    536
    537
    538
    539
    54
    540
    541
    542
    543
    544
    545
    546
    547
    548
    549
    55
    550
    551
    552
    553
    554
    555
    556
    557
    558
    559
    56
    560
    561
    562
    563
    564
    565
    566
    567
    568
    569
    57
    570
    571
    572
    573
    574
    575
    576
    577
    578
    579
    58
    580
    581
    582
    583
    584
    585
    586
    587
    588
    589
    59
    590
    591
    592
    593
    594
    595
    596
    597
    598
    599
    6
    60
    600
    601
    602
    603
    604
    605
    606
    607
    608
    609
    61
    610
    611
    612
    613
    614
    615
    616
    617
    618
    619
    62
    620
    621
    622
    623
    624
    625
    626
    627
    628
    629
    63
    630
    631
    632
    633
    634
    635
    636
    637
    638
    639
    64
    640
    641
    642
    643
    644
    645
    646
    647
    648
    649
    65
    650
    651
    652
    653
    654
    655
    656
    657
    658
    659
    66
    660
    661
    662
    663
    664
    665
    666
    667
    668
    669
    67
    670
    671
    672
    673
    674
    675
    676
    677
    678
    679
    68
    680
    681
    682
    683
    684
    685
    686
    687
    688
    689
    69
    690
    691
    692
    693
    694
    695
    696
    697
    698
    699
    7
    70
    700
    701
    702
    703
    704
    705
    706
    707
    708
    709
    71
    710
    711
    712
    713
    714
    715
    716
    717
    718
    719
    72
    720
    721
    722
    723
    724
    725
    726
    727
    728
    729
    73
    730
    731
    732
    733
    734
    735
    736
    737
    738
    739
    74
    740
    741
    742
    743
    744
    745
    746
    747
    748
    749
    75
    750
    751
    752
    753
    754
    755
    756
    757
    758
    759
    76
    760
    761
    762
    763
    764
    765
    766
    767
    768
    769
    77
    770
    771
    772
    773
    774
    775
    776
    777
    778
    779
    78
    780
    781
    782
    783
    784
    785
    786
    787
    788
    789
    79
    790
    791
    792
    793
    794
    795
    796
    797
    798
    799
    8
    80
    800
    801
    802
    803
    804
    805
    806
    807
    808
    809
    81
    810
    811
    812
    813
    814
    815
    816
    817
    818
    819
    82
    820
    821
    822
    823
    825
    826
    827
    828
    829
    83
    830
    831
    832
    833
    834
    835
    836
    837
    838
    839
    84
    840
    841
    842
    844
    845
    846
    847
    849
    85
    850
    851
    852
    853
    854
    855
    856
    857
    858
    86
    860
    861
    862
    863
    864
    865
    867
    868
    869
    87
    870
    871
    872
    873
    874
    875
    876
    877
    878
    879
    88
    880
    881
    882
    884
    885
    886
    887
    888
    889
    89
    890
    891
    893
    894
    895
    896
    897
    898
    899
    9
    90
    900
    901
    902
    903
    904
    905
    906
    907
    908
    909
    91
    910
    911
    912
    913
    914
    916
    917
    918
    919
    92
    920
    921
    922
    923
    924
    925
    926
    927
    928
    929
    93
    930
    931
    932
    933
    934
    935
    936
    937
    939
    94
    940
    941
    942
    943
    944
    945
    946
    947
    949
    95
    950
    951
    952
    953
    954
    955
    956
    957
    958
    959
    96
    960
    961
    962
    963
    964
    965
    966
    968
    969
    97
    970
    971
    972
    973
    974
    975
    977
    978
    98
    980
    981
    982
    983
    984
    985
    986
    987
    988
    989
    99
    990
    991
    992
    993
    994
    995
    996
    997
    998
    999
------

