---------------------------
---------------------------
JURISDICTION_FIPS CHECK
---------------------------
---------------------------

------------
CHARACTER CHECK

------
UNRECOGNIZED CHARACTERS
    <<<EC: VALUE WAS EMPTY>>>
------

------------


------------
SIMILARITY CHECK

WARNING: Empty values detected in jurisdiction_fips!
------
CONTAINS/IS SIMILAR TO EMPTY: 
    No Problems Found :) 
------

------
CONTAINS/IS SIMILAR TO EXACT EMPTY: 
    <<<EC: VALUE WAS EMPTY>>> ||| [[<<<EC: VALUE WAS EMPTY>>>]]
------

------------


---------
------
ALL VALUES:
    2300102060
    2300119105
    2300129255
    2300138565
    2300138740
    2300140035
    2300140665
    2300140770
    2300144585
    2300146160
    2300160020
    2300164570
    2300177800
    2300179585
    23003
    2300300800
    2300301220
    2300301710
    2300305385
    2300307065
    2300310565
    2300311300
    2300311335
    2300312000
    2300313900
    2300315395
    2300315990
    2300319210
    2300319420
    2300321380
    2300325615
    2300325755
    2300326735
    2300327120
    2300327855
    2300328590
    2300330690
    2300330725
    2300332195
    2300332685
    2300333385
    2300333980
    2300335065
    2300339300
    2300339965
    2300340595
    2300341715
    2300342450
    2300342520
    2300343255
    2300343710
    2300343990
    2300345180
    2300346685
    2300347175
    2300348120
    2300348575
    2300348960
    2300349415
    2300354385
    2300355435
    2300356205
    2300358060
    2300360300
    2300360825
    2300362400
    2300364780
    2300365025
    2300365200
    2300367790
    2300369260
    2300374405
    2300378570
    2300379270
    2300379865
    2300380285
    2300382770
    2300383540
    2300383785
    2300386865
    2300387215
    2300502655
    2300507170
    2300508430
    2300510180
    2300511125
    2300512300
    2300515430
    2300524495
    2300526525
    2300527025
    2300528240
    2300528870
    2300531390
    2300531600
    2300541067
    2300548085
    2300548820
    2300553860
    2300560545
    2300560685
    2300561945
    2300566145
    2300566775
    2300571990
    2300573670
    2300582105
    2300586025
    2300587845
    23007
    2300702235
    2300710740
    2300710915
    2300712595
    2300714205
    2300716165
    2300724005
    2300724775
    2300734820
    2300735625
    2300737025
    2300749345
    2300749520
    2300758445
    2300761840
    2300761875
    2300765655
    2300774825
    2300775980
    2300781300
    2300785850
    2300787680
    23009
    2300901185
    2300902165
    2300902865
    2300905700
    2300907800
    2300907975
    2300908815
    2300911265
    2300914905
    2300916935
    2300917145
    2300919770
    2300923200
    2300926350
    2300926595
    2300928450
    2300928975
    2300930970
    2300938180
    2300943430
    2300947630
    2300955505
    2300955855
    2300955890
    2300957920
    2300967300
    2300969750
    2300972865
    2300974580
    2300974965
    2300975280
    2300975455
    2300977345
    2300977415
    2300978925
    2300980040
    2300986655
    2301100590
    2301102100
    2301104020
    2301104475
    2301112350
    2301112735
    2301113470
    2301124670
    2301124950
    2301127085
    2301130550
    2301140175
    2301143080
    2301146405
    2301147770
    2301154560
    2301159110
    2301161700
    2301162190
    2301163835
    2301168385
    2301178745
    2301179025
    2301180740
    2301180880
    2301182945
    2301186165
    2301186515
    2301186970
    2301301465
    2301309725
    2301315780
    2301326805
    2301333840
    2301335135
    2301344165
    2301351620
    2301356135
    2301363590
    2301363660
    2301365130
    2301372585
    2301376365
    2301378115
    2301379130
    2301380215
    2301380425
    2301501010
    2301506050
    2301506120
    2301506855
    2301507485
    2301516235
    2301518475
    2301522675
    2301535695
    2301546335
    2301548645
    2301549660
    2301569645
    2301570240
    2301571955
    2301579550
    2301584140
    2301585010
    2301587075
    23017
    2301701325
    2301704825
    2301708150
    2301708710
    2301709550
    2301710005
    2301717250
    2301717740
    2301726910
    2301727505
    2301729710
    2301731110
    2301731670
    2301732370
    2301733315
    2301739422
    2301741365
    2301745285
    2301749275
    2301754000
    2301755960
    2301756625
    2301758270
    2301760405
    2301764185
    2301764290
    2301774510
    2301774685
    2301775035
    2301775595
    2301778465
    2301780635
    2301783890
    2301787355
    23019
    2301901115
    2301901500
    2301902795
    2301906575
    2301906680
    2301906925
    2301909200
    2301910670
    2301910810
    2301912105
    2301912525
    2301913365
    2301914310
    2301914380
    2301917530
    2301917950
    2301921030
    2301922535
    2301922710
    2301923620
    2301923865
    2301924110
    2301927190
    2301927645
    2301929185
    2301930795
    2301932510
    2301933490
    2301934190
    2301934365
    2301936325
    2301937075
    2301937760
    2301938005
    2301938530
    2301938705
    2301939475
    2301941435
    2301944270
    2301944340
    2301945005
    2301945670
    2301945810
    2301947560
    2301948505
    2301949065
    2301955225
    2301955565
    2301955680
    2301957045
    2301957150
    2301957936
    2301959950
    2301960790
    2301967160
    2301973250
    2301973600
    2301974055
    2301978780
    2301981055
    2301986305
    2301987390
    2302100100
    2302101920
    2302103740
    2302106400
    2302108325
    2302118195
    2302129535
    2302130095
    2302137970
    2302144830
    2302146020
    2302156765
    2302165865
    2302166950
    2302168140
    2302181405
    2302185710
    2302301570
    2302303355
    2302306260
    2302306365
    2302327295
    2302358515
    2302362645
    2302376960
    2302381930
    2302387460
    23025
    2302501395
    2302501885
    2302505000
    2302507380
    2302509655
    2302509935
    2302510495
    2302514555
    2302517285
    2302517460
    2302523410
    2302524320
    2302531355
    2302531740
    2302532895
    2302535345
    2302542660
    2302545110
    2302547140
    2302547455
    2302549205
    2302549835
    2302556520
    2302559005
    2302559705
    2302562995
    2302564850
    2302568910
    2302569155
    2302569505
    2302573845
    2302576190
    2302582840
    2302703950
    2302704125
    2302707870
    2302709270
    2302726280
    2302726420
    2302735240
    2302735450
    2302737585
    2302739055
    2302739755
    2302746475
    2302746790
    2302747245
    2302752845
    2302756450
    2302761210
    2302766565
    2302766635
    2302774475
    2302775525
    2302776610
    2302777625
    2302778255
    2302779480
    2302786760
    23029
    2302900380
    2302900660
    2302902480
    2302902970
    2302903670
    2302903810
    2302909585
    2302912175
    2302912455
    2302913750
    2302913820
    2302914100
    2302914940
    2302915920
    2302916410
    2302916865
    2302917355
    2302920960
    2302921730
    2302928660
    2302931530
    2302935905
    2302936010
    2302941610
    2302941960
    2302942100
    2302943640
    2302944760
    2302945600
    2302951375
    2302957780
    2302958165
    2302961035
    2302963275
    2302963940
    2302974125
    2302975770
    2302976895
    2302978675
    2302979375
    2302981685
    2302985185
    2302985290
    2303100275
    2303100730
    2303101605
    2303104720
    2303104860
    2303109410
    2303114485
    2303116725
    2303122955
    2303133665
    2303136535
    2303136745
    2303137270
    2303138425
    2303139195
    2303139405
    2303141750
    2303148750
    2303150325
    2303154980
    2303155085
    2303156870
    2303164675
    2303165725
    2303167475
    2303170030
    2303180530
    2303181475
    2303187985
    2309999904
    2501342145
    <<<EC: VALUE WAS EMPTY>>>
------

