---------------------------
---------------------------
VOTES CHECK
---------------------------
---------------------------

------------
CHARACTER CHECK

------
UNRECOGNIZED CHARACTERS
    No Problems Found :) 
------

------
UNRECOGNIZED NEGATIVE SIGNS
    No Problems Found :) 
------

------
UNRECOGNIZED LEADING ZEROS
    No Problems Found :) 
------

------
(POSSIBLY) INVALID NEGATIVE VALUES
    No Problems Found :) 
------

------------


------------
SIMILARITY CHECK

------
CONTAINS/IS SIMILAR TO EMPTY: 
    No Problems Found :) 
------

------
CONTAINS/IS SIMILAR TO EXACT EMPTY: 
    No Problems Found :) 
------

------------


---------
------
ALL VALUES:
    0
    1
    10
    100
    1000
    10004
    1001
    1002
    1003
    1004
    1005
    1006
    1007
    10074
    1008
    1009
    101
    1010
    10110
    10112
    1012
    1013
    1015
    1016
    1018
    1019
    102
    1020
    1021
    1022
    1023
    1024
    1025
    1026
    1027
    1028
    1029
    10299
    103
    1030
    1031
    1032
    1034
    1035
    1036
    1037
    1039
    104
    1040
    1041
    1042
    1043
    1044
    1045
    1046
    1047
    1048
    1049
    105
    1050
    1051
    1052
    1053
    1054
    1055
    1056
    1057
    1058
    1059
    106
    1060
    1061
    1062
    1063
    1064
    1065
    1066
    1067
    1069
    107
    1070
    1071
    1073
    1074
    1076
    1077
    1078
    1079
    108
    1080
    1081
    10814
    1083
    1085
    1086
    1087
    1088
    1089
    109
    1090
    1093
    1094
    1095
    1096
    1097
    1098
    1099
    11
    110
    1100
    1101
    1103
    1105
    1106
    1107
    1108
    1109
    111
    1110
    11103
    1111
    1112
    1113
    1114
    1115
    1116
    1117
    1118
    1119
    112
    1120
    1121
    11213
    1122
    1123
    1124
    1125
    1126
    1127
    1128
    1129
    11299
    113
    1130
    1131
    1132
    1133
    1134
    1135
    1136
    1137
    1138
    11380
    1139
    114
    1140
    1141
    1142
    1143
    11450
    1146
    1147
    1148
    1149
    115
    1150
    1151
    1152
    1153
    1154
    11541
    1155
    11560
    1157
    1158
    1159
    11595
    116
    1160
    1161
    11616
    1162
    1165
    1166
    1167
    1168
    1169
    117
    1171
    11715
    1173
    1174
    1175
    1176
    1177
    11777
    1178
    118
    1180
    1181
    1182
    1183
    1184
    1185
    1187
    1188
    119
    1190
    1191
    1192
    1193
    1194
    1195
    1196
    1197
    1198
    1199
    12
    120
    1200
    1201
    1202
    1203
    1204
    1205
    1206
    1207
    1208
    1209
    121
    1211
    1212
    1214
    1215
    1216
    1217
    1218
    1219
    122
    1220
    1221
    1222
    1223
    1224
    1225
    12253
    1226
    12267
    1227
    1228
    123
    1231
    1233
    1234
    1235
    1236
    1237
    1238
    1239
    124
    1240
    1241
    1242
    1243
    1244
    12440
    1245
    1246
    1247
    12473
    1249
    125
    1250
    1252
    1253
    12531
    1254
    1255
    1256
    1257
    1258
    126
    1261
    1262
    1263
    1264
    1265
    1266
    1267
    1268
    1269
    127
    1270
    1271
    1272
    1273
    1274
    1275
    128
    1280
    1281
    1282
    1283
    1285
    1286
    1287
    1288
    129
    1290
    1291
    1293
    1294
    1295
    12957
    1296
    1298
    13
    130
    1300
    1301
    1302
    1304
    1305
    1306
    1307
    131
    1310
    1312
    1313
    1315
    1317
    1319
    132
    1320
    1321
    1322
    1323
    1324
    1325
    1326
    1327
    1329
    133
    1330
    1331
    1335
    1336
    1338
    1339
    134
    1340
    1341
    1342
    1344
    1345
    1346
    1347
    1348
    135
    1350
    1351
    1352
    1353
    1355
    1357
    1358
    1359
    136
    1361
    1362
    1363
    1364
    1365
    1366
    1367
    1368
    1369
    137
    1370
    1371
    1372
    1373
    1375
    1376
    1378
    1379
    138
    13808
    1383
    1384
    1385
    1386
    1387
    1388
    139
    1390
    1391
    1392
    1393
    1394
    1395
    1396
    1398
    1399
    14
    140
    1401
    1403
    1404
    1405
    1406
    1407
    1409
    141
    1411
    1412
    1413
    1414
    1415
    1416
    1418
    1419
    142
    1420
    1421
    1422
    1423
    1424
    1425
    1426
    1427
    1428
    1429
    143
    1431
    1432
    1433
    1436
    1438
    1439
    144
    1441
    1442
    1443
    1444
    1445
    1446
    1448
    145
    1450
    1451
    1452
    1453
    1457
    1458
    1459
    146
    1460
    1461
    1462
    14641
    1465
    1467
    1469
    147
    1471
    1473
    1475
    1476
    1477
    1479
    148
    1480
    1482
    1484
    1485
    1487
    1489
    149
    1490
    1491
    1493
    1495
    1496
    1497
    1498
    1499
    15
    150
    1500
    1501
    1503
    1504
    1505
    1506
    1508
    1509
    151
    1511
    1512
    1516
    1517
    1518
    152
    1520
    1521
    1522
    1523
    1524
    1525
    1526
    1529
    153
    1530
    1531
    1534
    1537
    1538
    1539
    154
    1541
    1542
    1543
    1544
    1545
    1546
    1547
    1549
    155
    1551
    1553
    1554
    1559
    156
    1560
    1561
    15623
    1563
    1564
    1567
    1568
    1569
    157
    1570
    1573
    1574
    1577
    1579
    158
    1580
    1581
    1586
    1587
    1589
    159
    1590
    1593
    1594
    1595
    1598
    1599
    16
    160
    1600
    16011
    1602
    1603
    1604
    1607
    1609
    16098
    161
    1610
    1612
    1614
    1615
    1616
    1617
    162
    1620
    1624
    1625
    1627
    1628
    1629
    163
    1630
    1636
    1637
    1638
    164
    1643
    1644
    1646
    165
    1650
    1652
    1655
    1656
    1659
    166
    1660
    1661
    1662
    1664
    1665
    1666
    1667
    1669
    167
    1672
    1673
    1674
    1675
    1676
    1677
    1678
    1679
    168
    1681
    1683
    1685
    16850
    1688
    169
    1690
    1693
    1694
    1696
    1697
    1699
    17
    170
    1701
    1702
    1703
    1704
    1707
    1709
    171
    1710
    1711
    1713
    1714
    1715
    1716
    1717
    1718
    1719
    172
    1722
    1723
    1724
    1725
    1726
    1728
    1729
    173
    1730
    1731
    1735
    1736
    1737
    1739
    174
    1741
    1742
    1745
    1749
    175
    1751
    1755
    1757
    1759
    176
    1760
    1761
    1762
    1763
    1765
    1766
    1768
    1769
    177
    1770
    1771
    1774
    1775
    1776
    1777
    1779
    178
    1780
    1781
    1782
    1786
    1787
    1788
    179
    1790
    1791
    1792
    17926
    1793
    1797
    1798
    1799
    18
    180
    1802
    1804
    1805
    1808
    181
    1811
    1813
    1816
    1817
    1819
    182
    1821
    1822
    1823
    1824
    183
    1831
    1832
    1833
    1834
    1835
    1836
    1837
    1838
    184
    1840
    1843
    1844
    1845
    1847
    1848
    1849
    185
    1850
    1851
    1853
    1854
    1855
    1856
    1857
    1858
    1859
    186
    1862
    1866
    1867
    1869
    187
    1871
    1872
    1874
    1875
    1877
    188
    1882
    1883
    1887
    1888
    1889
    189
    1896
    1897
    19
    190
    1900
    1901
    1902
    1903
    1904
    1905
    1907
    1909
    191
    1913
    1917
    1919
    192
    1921
    1923
    1926
    1929
    193
    1932
    1933
    1934
    1935
    1937
    1938
    1939
    194
    1941
    1942
    1944
    1946
    1947
    1949
    195
    1951
    1953
    196
    1963
    1967
    197
    1971
    1972
    1973
    1977
    1978
    198
    1980
    1985
    1986
    1987
    1989
    199
    1995
    1999
    2
    20
    200
    2000
    2004
    2006
    2007
    2008
    2009
    201
    2011
    2013
    2014
    2015
    2016
    2018
    2019
    202
    2020
    2023
    2024
    2025
    2026
    2028
    203
    2030
    2037
    2039
    204
    2046
    2048
    2049
    205
    2051
    2052
    2056
    2058
    206
    2060
    2061
    2063
    2066
    2068
    207
    2070
    2073
    2075
    2076
    2078
    2079
    208
    2080
    2082
    2084
    2085
    2086
    2087
    209
    2094
    2099
    21
    210
    2101
    2104
    2105
    2106
    211
    2113
    2114
    2115
    2116
    212
    2120
    2121
    2123
    2124
    2125
    213
    2131
    2132
    214
    2140
    2144
    2147
    2149
    215
    2151
    2154
    2155
    2157
    2158
    2159
    216
    2160
    2162
    2163
    2164
    2167
    2168
    2169
    217
    2171
    2172
    2173
    2174
    2175
    2179
    218
    2181
    2182
    2185
    2186
    2188
    219
    2190
    2192
    2193
    2195
    2199
    22
    220
    2205
    2206
    2207
    2208
    221
    2212
    2216
    2217
    2218
    222
    2222
    2225
    2227
    223
    2230
    2231
    2233
    2238
    224
    2248
    2249
    225
    2253
    2256
    2257
    2259
    226
    2260
    2261
    2262
    2266
    2267
    227
    2270
    2271
    2272
    2275
    2276
    228
    2280
    2281
    2283
    2285
    2286
    2287
    229
    2291
    2299
    23
    230
    2300
    2301
    2302
    2303
    2307
    231
    2311
    2315
    2319
    232
    2320
    2322
    2325
    2326
    2328
    2329
    233
    2336
    2338
    2339
    234
    2342
    2345
    235
    2351
    2354
    2355
    2356
    2359
    236
    2360
    2368
    2369
    237
    2371
    2373
    2374
    238
    2380
    2381
    2382
    2384
    239
    2391
    2392
    2395
    2396
    2397
    2398
    2399
    24
    240
    2403
    2406
    241
    2410
    2412
    2416
    242
    2421
    2423
    2424
    2427
    2428
    2429
    243
    2430
    2431
    2433
    2436
    2437
    244
    2442
    2445
    2446
    2447
    2449
    245
    2452
    2453
    2456
    2457
    2458
    246
    2460
    2461
    2465
    2467
    2468
    2469
    247
    2472
    2474
    248
    2480
    2482
    2483
    2484
    2487
    2489
    249
    2491
    24924
    2495
    2499
    25
    250
    2502
    2505
    2506
    251
    2510
    2518
    2519
    252
    2520
    2522
    2527
    2528
    2529
    253
    2530
    2536
    2538
    2539
    254
    2541
    2542
    2543
    2546
    2547
    2548
    255
    2550
    2552
    256
    2562
    2566
    2568
    257
    2570
    2574
    2576
    258
    2583
    259
    2590
    2591
    2592
    2593
    2594
    2598
    2599
    26
    260
    2605
    261
    2615
    2616
    2617
    2618
    262
    2620
    263
    2631
    2632
    2634
    2636
    2638
    2639
    264
    2640
    2641
    2642
    2645
    2646
    2649
    265
    2653
    2656
    2659
    266
    2662
    2665
    2669
    267
    2674
    268
    2680
    2684
    269
    2690
    2691
    2696
    2697
    27
    270
    2703
    2704
    2706
    2707
    2709
    271
    2710
    272
    2720
    2724
    273
    2730
    274
    2741
    2743
    2744
    2746
    2747
    275
    2755
    2757
    2758
    276
    277
    2770
    2772
    2773
    2774
    2777
    2779
    278
    2780
    2784
    2786
    2788
    279
    2798
    28
    280
    2800
    2808
    281
    2816
    282
    2820
    2825
    2827
    2828
    2829
    283
    2833
    2834
    2835
    2836
    284
    2840
    285
    2855
    286
    2865
    2866
    2867
    287
    2872
    2875
    288
    2880
    2883
    289
    2895
    2897
    29
    290
    2904
    291
    2910
    2912
    2914
    2915
    2917
    292
    2922
    2923
    293
    2932
    2933
    294
    2942
    2945
    2947
    295
    2955
    296
    2963
    297
    2971
    2974
    298
    2981
    299
    2997
    3
    30
    300
    3005
    301
    3011
    3017
    3019
    302
    3025
    303
    3033
    3035
    3037
    304
    30409
    3041
    3047
    305
    3059
    306
    3063
    3064
    307
    3071
    3073
    3076
    308
    3080
    3081
    3088
    30899
    309
    3091
    3093
    31
    310
    3106
    3109
    311
    3113
    3116
    312
    3120
    3127
    313
    3130
    3135
    3136
    314
    315
    316
    3165
    31668
    3167
    317
    3177
    3178
    318
    3185
    3188
    3189
    319
    3193
    3195
    3196
    32
    320
    3201
    321
    3211
    3218
    322
    3222
    323
    3233
    324
    3243
    325
    326
    3267
    327
    3274
    3275
    3276
    3277
    328
    3281
    3282
    3288
    3289
    329
    3291
    3298
    33
    330
    3302
    3306
    331
    3310
    332
    3320
    3324
    3325
    3326
    333
    3333
    3337
    334
    3346
    3349
    335
    3356
    3359
    336
    3368
    337
    3374
    338
    3387
    339
    34
    340
    341
    3411
    3415
    3416
    342
    3426
    343
    3431
    344
    3440
    345
    3452
    3457
    346
    3461
    347
    3472
    3474
    3477
    348
    3481
    3487
    349
    3492
    35
    350
    3504
    3506
    351
    3513
    352
    3524
    3525
    353
    3531
    3533
    3537
    354
    3540
    355
    356
    357
    3571
    3578
    358
    3585
    3587
    359
    3590
    3591
    3593
    3597
    3598
    3599
    36
    360
    3600
    3606
    3607
    3608
    361
    3618
    362
    3620
    3623
    3626
    363
    364
    3645
    3646
    3649
    365
    3658
    366
    3660
    367
    3671
    3676
    3678
    368
    3687
    369
    3698
    37
    370
    371
    3713
    372
    3720
    3723
    3729
    373
    3731
    374
    3746
    375
    3755
    376
    3761
    377
    3771
    3779
    378
    379
    3790
    3799
    38
    380
    381
    3815
    3819
    382
    383
    384
    3841
    385
    3851
    3856
    386
    3865
    3866
    387
    3872
    3877
    388
    389
    3892
    3893
    39
    390
    3901
    3903
    391
    392
    3921
    3928
    393
    3931
    3935
    3937
    394
    3942
    395
    3953
    3959
    396
    3967
    397
    3978
    398
    3980
    3981
    39834
    399
    4
    40
    400
    4000
    401
    4011
    4017
    4018
    402
    4020
    4028
    403
    4031
    404
    4042
    4043
    405
    4059
    406
    4066
    407
    4071
    4076
    408
    4089
    409
    41
    410
    4105
    411
    4110
    4112
    412
    413
    4134
    414
    4145
    415
    4156
    4158
    416
    4161
    4164
    417
    4175
    418
    419
    4197
    42
    420
    4206
    421
    4215
    422
    4224
    423
    4232
    424
    4249
    425
    4250
    4251
    4252
    4257
    426
    4269
    427
    4272
    428
    4283
    429
    4293
    43
    430
    4304
    431
    432
    4321
    433
    4331
    434
    435
    436
    4361
    4362
    437
    438
    439
    4398
    44
    440
    4400
    4401
    4403
    441
    4410
    442
    4425
    4427
    443
    444
    4446
    445
    4455
    446
    4460
    447
    448
    4485
    449
    4497
    45
    450
    4502
    451
    4510
    452
    453
    4534
    454
    455
    456
    4566
    4569
    457
    458
    4585
    459
    46
    460
    461
    462
    4623
    4624
    463
    4630
    4636
    464
    465
    466
    4662
    4667
    4669
    467
    4675
    468
    4680
    469
    4694
    47
    470
    4704
    471
    4713
    472
    473
    474
    4742
    4744
    4747
    475
    4750
    4751
    4758
    476
    477
    478
    479
    4794
    4796
    48
    480
    481
    482
    4824
    483
    4834
    484
    4841
    485
    4858
    486
    487
    4870
    4879
    488
    4884
    489
    4897
    49
    490
    491
    4914
    492
    493
    4931
    4933
    494
    4947
    495
    4950
    4958
    496
    4960
    4964
    497
    498
    499
    5
    50
    500
    5001
    5006
    5008
    501
    502
    5026
    503
    5031
    5035
    5039
    504
    505
    5058
    506
    5065
    507
    5079
    508
    5082
    5087
    509
    51
    510
    5100
    511
    5117
    512
    513
    514
    5141
    515
    5150
    516
    517
    5172
    518
    519
    5194
    5195
    52
    520
    521
    522
    523
    524
    5241
    5249
    525
    526
    5265
    5266
    527
    5279
    528
    5289
    529
    53
    530
    5308
    531
    5312
    532
    533
    5336
    5339
    534
    5340
    535
    5352
    5354
    536
    5360
    5362
    5364
    5367
    537
    5377
    538
    5385
    5386
    539
    5395
    5399
    54
    540
    541
    542
    5428
    543
    5431
    544
    5447
    545
    5451
    546
    5467
    547
    5470
    5471
    548
    549
    5497
    55
    550
    5502
    5503
    5504
    551
    5511
    552
    5527
    553
    5537
    554
    555
    556
    557
    558
    559
    56
    560
    561
    5615
    562
    5621
    563
    564
    5647
    565
    5650
    5654
    566
    567
    568
    5681
    5686
    5689
    569
    5690
    5698
    5699
    57
    570
    571
    572
    5721
    5722
    573
    574
    5748
    575
    5751
    5755
    576
    5761
    577
    5773
    578
    5782
    5789
    579
    58
    580
    5801
    581
    582
    583
    584
    5847
    585
    5853
    586
    5864
    5867
    587
    588
    5887
    589
    59
    590
    5900
    591
    5919
    592
    5929
    593
    594
    595
    5950
    5959
    596
    5961
    597
    598
    599
    6
    60
    600
    601
    602
    6025
    603
    6033
    6034
    604
    605
    6055
    6059
    606
    607
    6073
    608
    6087
    609
    61
    610
    6103
    611
    6117
    612
    6125
    613
    6130
    614
    615
    616
    617
    6170
    618
    619
    6199
    62
    620
    6205
    621
    6210
    6212
    622
    6226
    623
    6231
    6237
    624
    625
    626
    627
    628
    6283
    629
    6299
    63
    630
    6307
    631
    6316
    632
    6325
    6329
    633
    634
    6349
    635
    6355
    636
    637
    638
    6384
    6386
    639
    64
    640
    6408
    641
    6411
    642
    643
    6438
    644
    645
    646
    6468
    647
    648
    649
    6496
    65
    650
    651
    652
    653
    654
    6545
    655
    656
    657
    658
    6588
    659
    66
    660
    661
    662
    6622
    663
    6632
    664
    665
    6650
    6659
    666
    6667
    6669
    667
    6675
    668
    669
    6696
    6698
    67
    670
    671
    672
    6723
    673
    675
    676
    6765
    677
    678
    679
    68
    680
    681
    682
    6824
    683
    684
    685
    687
    688
    689
    69
    690
    691
    6914
    692
    6923
    693
    6931
    6933
    694
    6941
    695
    696
    697
    698
    699
    7
    70
    700
    7005
    701
    702
    703
    704
    705
    7050
    706
    707
    708
    7084
    709
    71
    710
    711
    7118
    712
    713
    714
    715
    716
    7162
    717
    718
    719
    72
    720
    721
    722
    723
    724
    725
    7254
    726
    727
    728
    729
    7290
    73
    730
    731
    732
    7323
    733
    7339
    734
    735
    736
    737
    738
    739
    7397
    74
    740
    741
    742
    7427
    743
    7433
    744
    745
    746
    747
    748
    749
    75
    750
    751
    7514
    752
    753
    754
    755
    7559
    756
    757
    758
    7581
    759
    76
    760
    761
    762
    763
    764
    7647
    765
    766
    767
    768
    769
    77
    770
    771
    7714
    772
    773
    774
    7743
    775
    776
    777
    778
    779
    78
    780
    781
    782
    783
    784
    785
    786
    787
    7878
    788
    7881
    79
    790
    792
    7924
    793
    794
    7944
    795
    796
    797
    798
    799
    8
    80
    800
    801
    802
    8023
    803
    804
    805
    806
    807
    808
    809
    81
    810
    811
    8119
    812
    813
    814
    815
    8156
    8157
    816
    817
    818
    819
    82
    820
    821
    8211
    822
    8228
    823
    825
    826
    827
    8278
    828
    83
    8306
    831
    832
    8326
    833
    834
    8348
    835
    836
    837
    838
    839
    84
    840
    8400
    841
    8418
    842
    843
    844
    845
    846
    847
    848
    849
    85
    850
    851
    852
    8525
    853
    8531
    854
    8548
    855
    8554
    856
    857
    858
    859
    86
    860
    861
    8613
    862
    863
    8639
    864
    865
    866
    867
    868
    869
    87
    870
    871
    872
    873
    874
    875
    876
    877
    878
    879
    8791
    88
    880
    881
    882
    883
    884
    885
    886
    8862
    887
    8878
    888
    889
    8895
    89
    890
    891
    892
    893
    8930
    8938
    894
    8947
    896
    897
    898
    899
    9
    90
    900
    901
    902
    903
    904
    9044
    905
    9051
    906
    9078
    908
    909
    91
    910
    911
    912
    913
    914
    9140
    9143
    915
    9159
    916
    917
    918
    919
    92
    920
    921
    923
    9230
    924
    925
    926
    927
    928
    929
    93
    930
    931
    933
    9332
    934
    9347
    935
    936
    937
    939
    94
    940
    942
    943
    944
    945
    946
    947
    948
    949
    95
    950
    9508
    951
    952
    953
    9535
    954
    9543
    955
    956
    957
    958
    959
    96
    961
    962
    963
    964
    9649
    965
    966
    967
    968
    9680
    969
    97
    970
    9700
    9714
    972
    973
    974
    975
    976
    979
    98
    980
    981
    983
    984
    9840
    985
    986
    987
    988
    9886
    99
    990
    991
    992
    993
    994
    9940
    9946
    995
    9956
    996
    9961
    997
    998
    9987
    999
------

