---------------------------
---------------------------
VOTES CHECK
---------------------------
---------------------------

------------
CHARACTER CHECK

------
UNRECOGNIZED CHARACTERS
    No Problems Found :) 
------

------
UNRECOGNIZED NEGATIVE SIGNS
    No Problems Found :) 
------

------
UNRECOGNIZED LEADING ZEROS
    No Problems Found :) 
------

------
(POSSIBLY) INVALID NEGATIVE VALUES
    No Problems Found :) 
------

------------


------------
SIMILARITY CHECK

------
CONTAINS/IS SIMILAR TO EMPTY: 
    No Problems Found :) 
------

------
CONTAINS/IS SIMILAR TO EXACT EMPTY: 
    No Problems Found :) 
------

------------


---------
------
ALL VALUES:
    0
    1
    10
    100
    1000
    1001
    10015
    1002
    10021
    100222
    1003
    1004
    10045
    1005
    1006
    1007
    1008
    1009
    100954
    101
    1010
    1011
    1012
    1013
    10134
    1014
    1015
    1016
    1017
    1018
    10188
    1019
    10191
    102
    1020
    10203
    1021
    1022
    1023
    1024
    1025
    1026
    1027
    1028
    10284
    1029
    103
    1030
    1031
    1032
    1033
    10339
    1034
    10344
    1035
    1036
    1037
    1038
    103815
    1039
    10391
    104
    1040
    1041
    1042
    1043
    1044
    1045
    1046
    1047
    1048
    1049
    105
    1050
    1051
    10514
    1052
    10527
    1053
    10531
    1054
    1055
    1056
    1057
    10576
    1058
    1059
    10592
    106
    1060
    1061
    1062
    10621
    1063
    1064
    1065
    1066
    10667
    1067
    10679
    1068
    1069
    107
    1070
    10703
    1071
    10714
    1072
    1073
    1074
    1075
    1076
    1077
    1078
    10785
    10788
    1079
    108
    1080
    1081
    1082
    1083
    10835
    1084
    1085
    10855
    10857
    1086
    10867
    1087
    1088
    10887
    1089
    10890
    109
    1090
    1091
    1092
    10923
    1093
    1094
    1095
    1096
    1097
    1098
    1099
    10998
    11
    110
    1100
    1101
    11017
    1102
    1103
    11036
    1104
    1105
    1106
    11066
    1107
    11074
    1108
    1109
    111
    1110
    1111
    1112
    1113
    11139
    1114
    1115
    1116
    11165
    1117
    1118
    1119
    112
    1120
    11204
    1121
    1122
    1123
    1124
    1125
    1126
    1127
    1128
    11283
    1129
    113
    1130
    1131
    1132
    1133
    1134
    1135
    1136
    1137
    1138
    1139
    114
    1140
    1141
    1142
    1143
    1144
    1145
    1146
    1147
    1148
    1149
    115
    1150
    1151
    1152
    1153
    1154
    1155
    1156
    115635
    1157
    1158
    11584
    11585
    1159
    11598
    116
    1160
    1161
    1162
    1163
    11634
    1164
    1165
    1166
    11667
    1167
    1168
    1169
    117
    1170
    1171
    1172
    11720
    1173
    1174
    1175
    1176
    1177
    1178
    1179
    11790
    118
    1180
    1181
    1182
    1183
    1184
    1185
    1186
    1187
    11879
    1188
    11891
    11899
    119
    1190
    1191
    1192
    11923
    1193
    1194
    1195
    1196
    1197
    1198
    1199
    12
    120
    1200
    1201
    1202
    1203
    1204
    1205
    1206
    12063
    1207
    1208
    1209
    121
    1210
    12101
    1211
    1212
    1213
    1214
    1215
    1216
    1217
    1218
    1219
    122
    1220
    1221
    1222
    1223
    1224
    12248
    1225
    1226
    12278
    1228
    1229
    123
    1230
    1231
    1232
    1233
    1234
    1235
    1236
    1237
    1238
    1239
    124
    1240
    1241
    1242
    1243
    1244
    1245
    1246
    12462
    1247
    1248
    12484
    1249
    125
    1250
    1251
    1252
    12520
    1253
    1254
    12543
    1255
    1256
    12560
    1257
    1258
    1259
    126
    1260
    1261
    126108
    1262
    1263
    1264
    1265
    12651
    12658
    1266
    12663
    1267
    1268
    1269
    127
    1270
    1271
    1272
    1273
    12737
    1275
    1276
    1277
    1278
    1279
    128
    1280
    12808
    1281
    1282
    12825
    1283
    1284
    1285
    1286
    12861
    1287
    1288
    1289
    129
    1290
    1291
    1292
    12926
    1293
    1294
    1295
    1296
    1297
    1298
    1299
    13
    130
    1300
    1301
    1302
    13028
    1303
    1304
    1305
    1306
    1307
    1308
    1309
    131
    1310
    1311
    1313
    1314
    1315
    1316
    1317
    1318
    1319
    132
    1320
    1321
    1322
    1323
    1324
    13243
    1326
    13268
    1327
    13277
    1328
    13287
    1329
    133
    1330
    1331
    1332
    13322
    1333
    1334
    1335
    1336
    1337
    1338
    1339
    134
    1340
    1341
    1342
    1343
    1344
    1345
    1346
    1347
    1348
    1349
    135
    1350
    1351
    1352
    13526
    1353
    13532
    1354
    1355
    1356
    1357
    1358
    1359
    136
    1360
    1361
    1362
    1363
    1364
    13647
    1365
    1366
    1367
    1368
    13685
    1369
    137
    1370
    1371
    1372
    1373
    1374
    13740
    1375
    1376
    13762
    1377
    1378
    1379
    13793
    138
    1380
    1381
    1382
    1383
    1384
    1385
    1386
    1387
    1388
    13887
    1389
    139
    1390
    1391
    1392
    1393
    1395
    1396
    1397
    1398
    1399
    14
    140
    1400
    1401
    1402
    1403
    14034
    1404
    14049
    1405
    1406
    1407
    1408
    1409
    141
    1410
    1411
    1413
    1414
    1415
    1416
    1417
    14176
    1418
    141952
    142
    1420
    1422
    1423
    1424
    1425
    1426
    1427
    1428
    1429
    143
    1430
    1431
    14316
    1432
    1434
    1436
    1437
    1438
    1439
    144
    1440
    1441
    1442
    1443
    1444
    1445
    14465
    1447
    1448
    1449
    145
    1450
    1451
    1452
    1453
    1454
    145494
    1455
    1456
    1458
    1459
    146
    1460
    1461
    14619
    14622
    1463
    1464
    1465
    1466
    1467
    1468
    1469
    147
    1470
    14708
    1471
    1472
    1473
    1474
    147499
    1475
    1476
    1477
    1478
    1479
    148
    1480
    1481
    1482
    1483
    1484
    148470
    1485
    1486
    1487
    1488
    1489
    149
    1490
    14901
    1491
    149107
    1492
    1493
    1494
    1495
    1496
    149690
    1497
    14979
    1498
    15
    150
    1500
    1501
    1502
    1503
    1504
    1505
    1506
    1507
    1508
    1509
    151
    1511
    1512
    1514
    1515
    1516
    1517
    1518
    1519
    152
    1520
    1521
    1522
    1523
    1524
    1525
    1527
    1528
    1529
    153
    1530
    1531
    1532
    1533
    1534
    1535
    1536
    1537
    1538
    1539
    154
    1540
    1541
    1543
    1545
    1546
    1547
    1548
    15499
    155
    1550
    1551
    1552
    1553
    1554
    15548
    1555
    155522
    1556
    1557
    1558
    1559
    156
    1560
    1561
    1562
    1563
    1564
    156445
    1565
    1566
    1567
    15674
    1568
    1569
    157
    1570
    1572
    1573
    1574
    1575
    1576
    1577
    15771
    1578
    1579
    158
    1580
    1581
    1582
    1583
    1584
    1585
    1586
    1587
    1589
    159
    1592
    1593
    1594
    1596
    15969
    1597
    1598
    16
    160
    1601
    1602
    1603
    1604
    1605
    1606
    1607
    1608
    1609
    161
    1610
    1611
    1614
    1615
    1616
    1617
    1618
    1619
    162
    1620
    1623
    1624
    1625
    1626
    1627
    1628
    1629
    163
    1630
    16301
    1631
    1632
    1633
    1634
    1635
    1636
    1637
    1638
    1639
    16393
    16397
    164
    1640
    1641
    1642
    1643
    1644
    1646
    1647
    1648
    1649
    165
    1650
    1651
    1653
    1654
    1655
    1656
    1657
    1659
    166
    1660
    1661
    166287
    1663
    1664
    1665
    1666
    1667
    1668
    1669
    16696
    167
    1670
    1671
    1672
    1673
    1674
    1675
    1676
    1677
    1678
    1679
    168
    1680
    1681
    1682
    1683
    16835
    1684
    1685
    1686
    1687
    1688
    1689
    169
    1690
    1695
    1696
    1697
    1698
    1699
    17
    170
    1700
    1704
    1705
    1706
    1707
    1708
    1709
    171
    1711
    1712
    1713
    17130
    1714
    1715
    1716
    1717
    1718
    1719
    172
    1720
    1721
    1722
    1723
    1725
    1726
    1727
    1728
    1729
    17295
    173
    1730
    1731
    1733
    1734
    1735
    1736
    1737
    17379
    1738
    1739
    174
    1740
    1741
    1742
    1743
    1744
    1745
    1746
    17462
    1747
    1748
    175
    1750
    1751
    1752
    1753
    1754
    17540
    1755
    17556
    1756
    1757
    1758
    1759
    176
    1761
    1762
    1763
    1764
    17646
    1765
    1767
    1768
    1769
    177
    1770
    1771
    1772
    1773
    1774
    1775
    1776
    1777
    1778
    1779
    178
    1780
    1781
    1782
    1783
    1784
    1785
    1786
    1787
    1788
    1789
    179
    1790
    1791
    1792
    1793
    1794
    1795
    1796
    1797
    1798
    1799
    18
    180
    1800
    1802
    1803
    1804
    1805
    1806
    1807
    18072
    1808
    1809
    181
    1810
    18111
    1812
    1814
    1816
    1817
    182
    1820
    1821
    1822
    1823
    1826
    1827
    1828
    183
    1830
    1831
    1832
    1833
    1834
    1835
    1836
    1837
    1838
    1839
    184
    1840
    1841
    1842
    1843
    184300
    1844
    1846
    1847
    1848
    1849
    185
    1850
    1851
    1852
    1853
    1854
    1856
    1857
    1858
    186
    1860
    1861
    1862
    186229
    1863
    1864
    1865
    1866
    1867
    1868
    1869
    187
    1870
    1872
    18726
    1873
    1874
    1875
    1876
    1877
    1879
    188
    1880
    1881
    1882
    18836
    1884
    1886
    1888
    1889
    189
    1890
    1892
    1893
    1894
    1895
    1896
    1897
    1898
    1899
    19
    190
    1900
    1902
    1903
    1904
    1905
    1906
    1907
    1908
    1909
    191
    1911
    1912
    1913
    1916
    1917
    1918
    1919
    192
    1920
    1922
    1923
    1924
    1925
    1926
    1927
    1928
    1929
    193
    1930
    1931
    1932
    1933
    1934
    1937
    1938
    1939
    194
    1940
    1942
    1944
    1945
    1946
    1947
    1948
    195
    1950
    1952
    1953
    1954
    1955
    1956
    1957
    1958
    1959
    196
    1961
    1962
    1964
    1965
    1966
    1967
    1969
    197
    1970
    1971
    1972
    1973
    1974
    1975
    1976
    1977
    1978
    1979
    198
    1980
    1981
    1982
    1984
    1986
    1987
    1988
    199
    1992
    1994
    1995
    1997
    1998
    1999
    2
    20
    200
    2000
    2001
    2002
    2003
    2004
    2006
    2007
    2008
    2009
    201
    2010
    2011
    2012
    2013
    2014
    2016
    2017
    2018
    2019
    202
    2020
    2021
    2022
    2023
    2024
    2025
    2026
    2027
    2028
    2029
    203
    2030
    2032
    203353
    2034
    2036
    2037
    2038
    2039
    204
    2040
    2041
    2042
    2043
    2044
    2046
    2047
    2048
    2049
    205
    2050
    2051
    2052
    2053
    20538
    2054
    2055
    2056
    2057
    2058
    2059
    206
    2060
    2061
    2062
    2063
    2064
    2065
    2066
    2068
    207
    2070
    20713
    2072
    2073
    2074
    2075
    2076
    2078
    2079
    208
    2080
    20807
    2081
    2082
    2083
    2084
    2085
    2086
    2087
    20877
    2088
    209
    2090
    2091
    2092
    2093
    2094
    2095
    20951
    2096
    2097
    2098
    21
    210
    2100
    2101
    2102
    2103
    21031
    2104
    2106
    2108
    2109
    21092
    211
    2110
    2111
    2112
    2113
    2114
    2115
    2116
    2117
    2118
    212
    2120
    2121
    2122
    2123
    2124
    2125
    2126
    2127
    21275
    2128
    213
    2130
    2131
    2132
    2133
    2134
    2136
    2137
    21375
    2138
    2139
    214
    2141
    2143
    2145
    2147
    2148
    215
    2150
    2151
    2153
    2154
    2155
    2156
    2157
    2158
    2159
    216
    2161
    2163
    2164
    2166
    2167
    2168
    2169
    217
    2170
    2172
    2173
    2175
    2177
    2178
    2179
    218
    2180
    2181
    2182
    2183
    2185
    2186
    2187
    219
    2190
    2191
    2192
    2193
    2194
    2195
    2196
    2197
    2198
    2199
    22
    220
    2200
    2201
    2202
    2205
    2207
    2208
    2209
    221
    2210
    2214
    2216
    2217
    2218
    222
    2220
    2221
    2222
    2223
    2224
    2225
    2226
    22261
    2228
    223
    2230
    2232
    2233
    2234
    2235
    2236
    2238
    224
    2240
    2241
    2242
    2244
    2245
    2246
    22469
    2247
    22475
    2249
    225
    2250
    225029
    2253
    2254
    2255
    2258
    226
    2260
    2261
    2262
    2263
    2265
    2266
    2267
    2268
    22690
    227
    2270
    2271
    22711
    2274
    2275
    22758
    2276
    2277
    2278
    2279
    228
    2280
    2281
    2282
    2283
    2284
    2285
    2286
    2288
    229
    2290
    2291
    2292
    2295
    2297
    2298
    23
    230
    2300
    2301
    2302
    2303
    2304
    2308
    2309
    231
    2310
    2311
    2314
    2315
    2316
    2317
    2318
    2319
    232
    2320
    2322
    2323
    2324
    2325
    2326
    2327
    2329
    233
    2330
    2331
    23318
    2334
    2335
    2337
    23385
    2339
    234
    2340
    234085
    23409
    2343
    234324
    2344
    2346
    2348
    2349
    235
    2350
    2351
    2355
    2356
    2357
    2358
    236
    2360
    2361
    2363
    2364
    2365
    2367
    2369
    237
    2370
    237171
    2373
    2374
    2376
    2377
    2379
    238
    2380
    2381
    2383
    2385
    2388
    2389
    239
    2393
    2394
    2395
    239527
    2396
    2397
    2399
    24
    240
    24012
    2402
    2403
    2404
    2406
    2408
    2409
    241
    2412
    2413
    2415
    2416
    2418
    2419
    242
    2420
    2421
    2423
    2424
    2426
    2427
    2428
    2429
    243
    2430
    2431
    2432
    2433
    2434
    2435
    2436
    2437
    2439
    244
    2440
    2442
    2444
    2448
    245
    2450
    2451
    2453
    2454
    24540
    2455
    2456
    2458
    2459
    246
    2460
    2463
    2465
    2466
    2468
    2469
    247
    2471
    2472
    2476
    2477
    247786
    2478
    248
    2480
    2481
    2483
    2484
    2485
    2489
    249
    2490
    2491
    2493
    2495
    2496
    24970
    25
    250
    2500
    2501
    2502
    2505
    2508
    251
    2510
    2512
    2514
    2515
    2517
    251738
    2519
    252
    2520
    2521
    2522
    252220
    2523
    2525
    2526
    2529
    253
    2530
    2532
    2535
    2538
    2539
    254
    2541
    2544
    2546
    2547
    2549
    255
    2550
    2551
    2552
    2554
    2555
    2558
    2559
    256
    2561
    2562
    2565
    2566
    257
    2570
    2574
    2575
    2578
    258
    2580
    2582
    2584
    2585
    2586
    2587
    2588
    2589
    259
    2590
    2592
    2593
    2596
    2597
    26
    260
    2601
    2602
    2603
    2604
    2605
    2606
    2607
    2608
    2609
    261
    2610
    2612
    2616
    2619
    262
    2621
    2622
    2624
    2625
    2626
    2628
    2629
    263
    2631
    2632
    2633
    2634
    2636
    2638
    2639
    264
    2641
    2643
    2644
    2646
    2648
    2649
    265
    2653
    2655
    2656
    2657
    2658
    2659
    266
    2661
    2662
    2663
    2665
    2667
    267
    2670
    2673
    2674
    2676
    268
    2680
    2682
    2684
    2685
    2687
    2688
    2689
    269
    2692
    2694
    27
    270
    2700
    2702
    2705
    2706
    2707
    2708
    27086
    2709
    271
    2710
    2714
    2715
    2716
    2717
    272
    2722
    2724
    2727
    2729
    273
    2731
    2734
    2735
    2736
    2739
    274
    2742
    2743
    2744
    2745
    2746
    2747
    2748
    2749
    275
    2751
    2752
    2753
    2755
    2757
    2758
    276
    2760
    2761
    2762
    2764
    2766
    2768
    2769
    277
    2770
    2772
    27720
    2773
    2774
    2775
    2778
    2779
    278
    2783
    2784
    2785
    27861
    2787
    2788
    2789
    279
    2791
    2792
    2793
    2795
    2796
    2798
    28
    280
    2804
    2805
    2806
    2808
    2809
    281
    2810
    2811
    2813
    2814
    2817
    2818
    282
    2820
    2821
    2822
    2823
    2824
    283
    2830
    2835
    2838
    284
    2841
    2843
    2844
    2845
    2846
    2847
    285
    2850
    2851
    2852
    2853
    2854
    2855
    2856
    2857
    2859
    286
    2862
    2863
    2865
    2867
    2868
    2869
    287
    2872
    2873
    2874
    2875
    2876
    2878
    2879
    288
    2880
    2881
    2882
    28827
    2884
    289
    2893
    28941
    2895
    2897
    29
    290
    2901
    2903
    29032
    2906
    2909
    291
    2914
    2915
    2916
    2917
    2919
    292
    2920
    2923
    2925
    2926
    2928
    2929
    293
    2930
    2931
    2936
    2937
    294
    2940
    2941
    2942
    2943
    2944
    2945
    2946
    2947
    295
    2950
    2954
    2955
    296
    2963
    2964
    2965
    2966
    2967
    2968
    2969
    297
    2974
    2975
    2979
    298
    2982
    299
    2992
    2997
    2998
    3
    30
    300
    3001
    3004
    3006
    3007
    3008
    3009
    301
    3013
    3017
    302
    3021
    3023
    3024
    3029
    303
    3030
    3033
    3034
    3036
    3037
    3038
    3039
    304
    3041
    3043
    3044
    3048
    3049
    305
    3052
    3053
    3056
    3057
    3058
    3059
    30595
    306
    3060
    3063
    3064
    3068
    30698
    307
    30725
    3075
    3077
    3078
    3079
    308
    3081
    3084
    3087
    3088
    3089
    309
    3090
    3091
    3093
    3094
    3099
    31
    310
    3102
    3103
    3104
    31060
    3108
    311
    3110
    3111
    3113
    3114
    3117
    312
    3121
    3122
    3124
    3125
    313
    3131
    3138
    314
    3140
    3142
    3143
    3146
    3149
    315
    3153
    3154
    3155
    3156
    316
    31613
    3163
    31654
    3166
    3169
    317
    3170
    3171
    3178
    318
    3180
    3182
    3184
    3185
    3186
    31889
    319
    3190
    31938
    3194
    3195
    32
    320
    3202
    3203
    3204
    3205
    3208
    321
    3210
    3212
    3214
    3215
    3216
    322
    3224
    3229
    323
    3230
    3234
    3235
    3238
    324
    3241
    3243
    3244
    3245
    325
    3250
    3252
    3255
    3259
    326
    32602
    3261
    3268
    327
    3273
    3274
    3276
    3278
    3279
    328
    3280
    32844
    3288
    3289
    329
    3290
    3294
    3298
    3299
    33
    330
    3300
    3304
    3308
    3309
    331
    3312
    3313
    3314
    3318
    332
    3324
    333
    3334
    3335
    3336
    3337
    3339
    334
    3340
    3343
    3348
    335
    3351
    3352
    3353
    3355
    3356
    3357
    336
    3360
    3364
    337
    3371
    3374
    3375
    338
    33838
    3384
    3385
    339
    3390
    3393
    3396
    3399
    34
    340
    3401
    3402
    34074
    3408
    341
    3412
    3416
    3417
    3419
    342
    3420
    3423
    3424
    3428
    343
    3431
    3433
    3439
    344
    3440
    3441
    3443
    3444
    3448
    3449
    345
    3451
    3457
    3458
    3459
    346
    3460
    34605
    3462
    3467
    3469
    347
    3470
    3471
    348
    3480
    3481
    3485
    3486
    3489
    349
    3492
    3497
    35
    350
    3507
    3508
    351
    3510
    3512
    3514
    3516
    352
    35290
    353
    3530
    3531
    3532
    3534
    354
    3542
    35421
    3546
    3547
    3549
    355
    3557
    356
    3561
    3568
    357
    3570
    3571
    35772
    358
    3580
    3583
    3586
    3589
    359
    3591
    3592
    3597
    36
    360
    3600
    3602
    3604
    3606
    361
    3618
    362
    36282
    363
    3630
    364
    3644
    3647
    3648
    365
    3651
    3654
    3655
    3658
    3659
    366
    3661
    3662
    3664
    3666
    367
    368
    3680
    3684
    369
    37
    370
    3702
    3704
    3708
    3709
    371
    3711
    3714
    3716
    3719
    372
    3725
    373
    3734
    3736
    3737
    3739
    374
    3746
    37494
    375
    376
    3761
    3762
    3768
    3769
    377
    3774
    378
    3785
    379
    3791
    3794
    3797
    38
    380
    381
    3818
    3819
    382
    3820
    3822
    3824
    383
    3835
    38363
    3839
    38391
    384
    3843
    3849
    385
    3852
    3853
    3857
    3858
    386
    3861
    3866
    3868
    387
    3871
    388
    3885
    389
    3891
    3893
    3895
    39
    390
    3906
    3908
    391
    3917
    3918
    392
    3922
    3928
    3929
    393
    3931
    3935
    3936
    394
    39402
    3946
    3947
    395
    3950
    3957
    396
    3961
    3962
    3968
    3969
    397
    3972
    3975
    3977
    398
    3980
    3987
    399
    3993
    3995
    4
    40
    400
    4003
    401
    4011
    4013
    402
    40204
    4021
    4023
    4024
    4029
    403
    4033
    4034
    404
    4041
    405
    4053
    4055
    4056
    406
    4060
    4068
    407
    4072
    408
    4081
    4083
    4085
    4089
    409
    4092
    4095
    41
    410
    4100
    4101
    4106
    4108
    411
    4113
    4114
    4115
    4116
    4118
    412
    4122
    4127
    413
    4136
    4139
    414
    4143
    4145
    4149
    415
    4158
    416
    4161
    41614
    4163
    4169
    417
    4171
    4175
    4176
    418
    4181
    4185
    419
    4191
    4195
    4198
    42
    420
    4203
    42036
    4204
    421
    4218
    4219
    422
    4225
    4226
    4229
    423
    4236
    4237
    424
    4240
    4245
    425
    4250
    4256
    42576
    4258
    426
    4261
    4268
    427
    4270
    4273
    428
    4282
    4287
    4289
    429
    4291
    43
    430
    4302
    431
    4310
    4312
    4314
    4318
    432
    4321
    4324
    433
    4330
    4338
    434
    4341
    4343
    4349
    435
    4355
    4356
    436
    4360
    4362
    4365
    4366
    4367
    437
    4374
    4375
    4377
    4379
    438
    439
    4394
    4395
    4397
    44
    440
    4401
    4402
    4406
    4408
    4409
    441
    4413
    4414
    4418
    442
    4423
    4428
    4429
    443
    4433
    4434
    4439
    444
    4445
    4446
    445
    4458
    4459
    446
    4462
    4465
    4466
    4467
    447
    4472
    4474
    4477
    4479
    448
    4482
    449
    4496
    4499
    45
    450
    4506
    4509
    451
    4510
    452
    4524
    4525
    4528
    453
    4532
    4533
    4536
    4537
    454
    4543
    4549
    455
    4550
    456
    4561
    4568
    457
    4577
    458
    4580
    459
    4590
    4593
    4597
    46
    460
    4606
    4608
    461
    4616
    4618
    4619
    462
    4623
    463
    4634
    4636
    4637
    464
    46431
    465
    4654
    4655
    4659
    466
    4663
    4666
    4669
    467
    468
    4683
    4689
    469
    4695
    47
    470
    4703
    4705
    471
    472
    4729
    473
    4735
    474
    4742
    4744
    475
    47544
    4759
    476
    47603
    477
    4773
    4776
    478
    479
    47907
    48
    480
    4801
    481
    482
    4822
    4824
    483
    4830
    4832
    484
    4842
    4849
    485
    4852
    4854
    4855
    486
    4862
    487
    488
    489
    48903
    49
    490
    491
    4916
    4917
    4919
    492
    493
    4930
    4932
    494
    4945
    495
    4952
    4957
    496
    4961
    4966
    497
    4970
    498
    4987
    4988
    499
    5
    50
    500
    5007
    5008
    501
    5011
    5014
    502
    5029
    503
    5031
    5035
    504
    5040
    505
    506
    5068
    507
    5070
    5077
    508
    509
    5094
    51
    510
    511
    5112
    512
    5121
    5123
    5124
    513
    5132
    5133
    5137
    514
    515
    516
    5169
    517
    5171
    518
    5189
    519
    5195
    52
    520
    521
    52137
    522
    5221
    5226
    523
    5239
    524
    5249
    525
    5250
    5257
    526
    527
    5270
    528
    5283
    529
    5296
    53
    530
    5301
    5302
    531
    5317
    532
    5324
    533
    534
    534144
    5347
    5349
    535
    536
    537
    5370
    5376
    5378
    538
    53859
    5386
    539
    54
    540
    5402
    541
    5419
    542
    543
    5431
    5437
    544
    545
    5455
    546
    547
    5473
    548
    5484
    549
    55
    550
    5504
    5506
    551
    552
    5520
    5522
    553
    5531
    554
    5542
    555
    5553
    5559
    556
    5565
    5566
    557
    5571
    558
    559
    5592
    5593
    56
    560
    5608
    561
    5611
    5618
    562
    563
    5631
    564
    5642
    5643
    5649
    565
    5657
    566
    567
    5676
    568
    5683
    569
    5695
    57
    570
    5705
    5709
    571
    5714
    572
    5723
    573
    5732
    574
    5749
    575
    5756
    576
    5762
    577
    57766
    578
    5784
    5786
    579
    5798
    58
    580
    581
    582
    5820
    5828
    583
    58378
    584
    585
    586
    587
    5871
    5875
    5878
    588
    58814
    5882
    589
    59
    590
    591
    5918
    5919
    592
    593
    5936
    594
    595
    596
    597
    5976
    5979
    598
    5986
    5988
    599
    5999
    6
    60
    600
    6002
    6005
    601
    6013
    602
    6024
    603
    60356
    604
    605
    60528
    6053
    6055
    606
    6061
    60628
    6067
    607
    6072
    608
    609
    61
    610
    611
    612
    6122
    6129
    613
    614
    6148
    6149
    615
    6154
    616
    6162
    617
    618
    619
    62
    620
    621
    622
    6221
    623
    6232
    6234
    624
    62421
    6248
    625
    626
    6261
    627
    628
    6288
    629
    63
    630
    6308
    631
    6317
    632
    633
    6334
    6336
    634
    63488
    635
    636
    6360
    637
    63722
    6378
    638
    639
    64
    640
    6409
    641
    642
    643
    644
    645
    6453
    6458
    646
    6464
    647
    6470
    648
    649
    6492
    6495
    65
    650
    651
    652
    6524
    653
    6533
    654
    6543
    655
    6555
    6558
    656
    6566
    657
    6570
    658
    6586
    659
    66
    660
    661
    662
    6621
    6627
    663
    6638
    664
    6640
    665
    666
    667
    6677
    6678
    668
    6684
    6686
    669
    6693
    67
    670
    6704
    671
    6718
    672
    6725
    6727
    673
    6738
    674
    675
    676
    6768
    677
    678
    6782
    6783
    679
    68
    680
    6802
    6803
    6805
    681
    682
    682669
    6827
    683
    684
    6840
    685
    6853
    686
    687
    6876
    6878
    688
    689
    6891
    6892
    69
    690
    6903
    691
    692
    6926
    693
    6937
    694
    6942
    6949
    695
    6951
    696
    697
    6971
    698
    699
    6999
    7
    70
    700
    7000
    7005
    701
    7011
    702
    703
    7032
    7033
    704
    7048
    705
    7052
    7057
    706
    707
    708
    709
    7094
    71
    710
    711
    712
    713
    714
    715
    71588
    716
    7169
    717
    718
    719
    7191
    7195
    72
    720
    72023
    721
    722
    7227
    723
    724
    725
    7252
    7258
    726
    727
    728
    729
    73
    730
    731
    7314
    732
    7322
    7323
    733
    7333
    734
    735
    736
    7366
    737
    738
    739
    74
    740
    741
    742
    7420
    743
    744
    7442
    745
    746
    747
    748
    7484
    749
    75
    750
    751
    752
    7522
    753
    754
    755
    755217
    7553
    756
    7564
    757
    758
    759
    76
    760
    761
    7612
    762
    763
    7636
    764
    765
    766
    767
    768
    7685
    7689
    769
    7691
    7696
    77
    770
    7700
    7701
    771
    7714
    772
    7721
    773
    77303
    7735
    774
    7740
    7744
    775
    776
    7761
    7763
    777
    7778
    778
    779
    7795
    78
    780
    781
    782
    7822
    783
    7830
    784
    785
    786
    787
    78708
    7871
    7873
    7875
    7878
    788
    78860
    789
    7898
    79
    790
    791
    7917
    792
    793
    7930
    794
    795
    7954
    79545
    796
    797
    798
    799
    8
    80
    800
    80034
    801
    802
    80214
    803
    8030
    804
    805
    8055
    806
    8062
    8066
    8069
    807
    8072
    808
    809
    81
    810
    811
    812
    8125
    813
    814
    815
    8158
    816
    817
    8174
    8175
    818
    819
    82
    820
    8208
    821
    8213
    822
    8225
    8228
    8229
    823
    8237
    824
    8248
    825
    8252
    826
    827
    8273
    828
    8283
    829
    8295
    83
    830
    831
    832
    8320
    833
    83326
    834
    8340
    835
    836
    837
    838
    83815
    839
    84
    840
    841
    8410
    8412
    842
    84229
    8427
    843
    844
    845
    8455
    84583
    846
    8466
    847
    848
    849
    8492
    85
    850
    8506
    851
    85146
    852
    853
    85323
    854
    855
    8550
    8558
    856
    85637
    857
    8574
    858
    859
    85900
    86
    860
    861
    8613
    862
    863
    864
    865
    8659
    866
    86654
    8668
    867
    868
    869
    87
    870
    8701
    871
    8713
    872
    873
    874
    875
    876
    87693
    877
    87767
    878
    879
    8794
    88
    880
    8807
    881
    8810
    8815
    8817
    882
    883
    8834
    884
    885
    8850
    886
    8868
    887
    888
    88881
    889
    89
    890
    891
    8918
    892
    893
    8937
    894
    895
    8959
    896
    897
    8979
    898
    8983
    899
    9
    90
    900
    901
    9018
    902
    903
    904
    905
    906
    9063
    907
    9072
    9076
    908
    909
    91
    910
    91050
    911
    912
    91226
    913
    9136
    914
    9146
    915
    916
    917
    91719
    918
    919
    92
    920
    9208
    921
    9212
    922
    9225
    923
    9231
    924
    92483
    925
    9258
    926
    927
    928
    9288
    929
    93
    930
    931
    9313
    932
    933
    9339
    934
    935
    9353
    936
    9367
    937
    9379
    938
    939
    94
    940
    9406
    941
    942
    943
    944
    9446
    945
    9456
    946
    947
    948
    949
    95
    950
    9502
    951
    95156
    952
    953
    954
    9544
    9548
    955
    956
    957
    9574
    958
    959
    96
    960
    961
    962
    963
    9639
    964
    965
    966
    967
    9670
    9672
    968
    969
    97
    970
    971
    9718
    972
    973
    974
    9742
    975
    976
    977
    978
    979
    98
    980
    981
    982
    9825
    983
    9838
    984
    985
    986
    987
    988
    989
    99
    990
    991
    992
    993
    9934
    994
    995
    996
    9960
    997
    998
    999
------

