---------------------------
---------------------------
VOTES CHECK
---------------------------
---------------------------

------------
CHARACTER CHECK

------
UNRECOGNIZED CHARACTERS
    No Problems Found :) 
------

------
UNRECOGNIZED NEGATIVE SIGNS
    No Problems Found :) 
------

------
UNRECOGNIZED LEADING ZEROS
    No Problems Found :) 
------

------
(POSSIBLY) INVALID NEGATIVE VALUES
    No Problems Found :) 
------

------------


------------
SIMILARITY CHECK

------
CONTAINS/IS SIMILAR TO EMPTY: 
    No Problems Found :) 
------

------
CONTAINS/IS SIMILAR TO EXACT EMPTY: 
    No Problems Found :) 
------

------------


---------
------
ALL VALUES:
    0
    1
    10
    100
    1000
    1001
    1002
    1003
    1004
    1005
    1006
    1007
    1008
    1009
    101
    1010
    1011
    1012
    1013
    1014
    1015
    1016
    1017
    1018
    1019
    102
    1020
    1021
    1022
    1023
    1024
    1025
    1026
    1027
    1028
    1029
    103
    1030
    1031
    1032
    1033
    1034
    1035
    1036
    1037
    1038
    1039
    104
    1040
    1041
    1042
    1043
    1044
    1045
    1046
    1047
    1048
    1049
    105
    1050
    1051
    1052
    1053
    1054
    1055
    1056
    1057
    1058
    1059
    106
    1060
    1062
    1063
    1065
    1067
    1068
    1069
    107
    1070
    1071
    1072
    1073
    1074
    1075
    1076
    1077
    1078
    1079
    108
    1080
    1081
    1082
    1084
    1085
    1086
    1087
    1088
    1089
    109
    1090
    1091
    1092
    1093
    1094
    1095
    1097
    1098
    1099
    11
    110
    1100
    1101
    1102
    1103
    1104
    1105
    1106
    1107
    1108
    1109
    111
    1110
    1111
    1113
    1114
    1115
    1116
    1118
    1119
    112
    1120
    1121
    1122
    1123
    1124
    1125
    1126
    1127
    1128
    1129
    113
    1130
    1131
    1132
    1133
    1136
    1137
    1138
    1139
    114
    1140
    1141
    1143
    1144
    1145
    1146
    1147
    1148
    1149
    115
    1150
    1151
    1152
    1153
    1154
    1155
    1156
    1157
    1158
    1159
    116
    1161
    1162
    1163
    1164
    1165
    1166
    1168
    1169
    117
    1170
    1171
    1172
    1173
    1174
    1176
    1177
    1178
    1179
    118
    1180
    1181
    1182
    1184
    1185
    1186
    1187
    1188
    1189
    119
    1190
    1191
    1192
    1193
    1194
    1196
    1198
    12
    120
    1200
    1201
    1202
    1204
    1205
    1206
    1207
    1208
    1209
    121
    1210
    1211
    1214
    1215
    1216
    1218
    1219
    122
    1220
    1221
    1223
    1226
    1228
    1229
    123
    1230
    1231
    1232
    1233
    1234
    1236
    1237
    1238
    1239
    124
    1240
    1241
    1242
    1243
    1244
    1245
    1246
    1248
    1249
    125
    1250
    1251
    1252
    1253
    1254
    1257
    1258
    1259
    126
    1260
    1261
    1262
    1264
    1266
    1267
    1268
    1269
    127
    1270
    1271
    1273
    1276
    1277
    1278
    1279
    128
    1280
    1281
    1282
    1283
    1284
    1285
    1286
    1287
    129
    1290
    1295
    1297
    1298
    1299
    13
    130
    1300
    1301
    1302
    1304
    1305
    1306
    1307
    1308
    1309
    131
    1310
    1312
    1313
    1314
    1316
    1317
    1318
    1319
    132
    1320
    1321
    1324
    1325
    1326
    1327
    1328
    1329
    133
    1330
    1331
    1332
    1334
    1335
    1336
    1337
    1338
    1339
    134
    1340
    1341
    1345
    1347
    1348
    135
    1350
    1351
    1352
    1353
    1354
    1356
    1358
    1359
    136
    1361
    1362
    1363
    1364
    1365
    1366
    1369
    137
    1371
    1372
    1373
    1374
    1375
    1376
    1378
    138
    1380
    1381
    1382
    1383
    1384
    1386
    1387
    1388
    1389
    139
    1391
    1392
    1393
    1394
    1395
    1397
    1398
    1399
    14
    140
    1400
    1402
    1403
    1404
    1405
    1406
    1408
    1409
    141
    1410
    1411
    1413
    1414
    1416
    1417
    1419
    142
    1420
    1422
    1423
    1424
    1426
    1427
    1428
    143
    1430
    1432
    1433
    1435
    1436
    1438
    1439
    144
    1440
    1441
    1442
    1443
    1444
    1445
    1446
    1447
    1448
    145
    1450
    1451
    1452
    1453
    1454
    1455
    1456
    1458
    1459
    146
    1460
    1461
    1463
    1464
    1466
    1467
    147
    1470
    1472
    1475
    1476
    1477
    1478
    1479
    148
    1480
    1481
    1482
    1483
    1484
    1485
    1486
    1487
    1488
    1489
    149
    1491
    1492
    1493
    1494
    1495
    1496
    1497
    1498
    15
    150
    1500
    1503
    1505
    1506
    1508
    151
    1511
    1512
    1513
    1514
    1515
    1516
    1518
    1519
    152
    1521
    1525
    1526
    1527
    153
    1530
    1531
    1533
    1534
    1535
    1537
    1538
    1539
    154
    1542
    1543
    1544
    1545
    1546
    1548
    155
    1551
    1552
    1553
    1554
    1557
    1558
    156
    1560
    1562
    1563
    1565
    1567
    1569
    157
    1570
    1572
    1573
    1575
    1576
    1577
    1578
    158
    1580
    1582
    1583
    1585
    1587
    1588
    1589
    159
    1590
    1591
    1592
    1594
    1595
    1597
    1598
    1599
    16
    160
    1602
    1603
    1604
    1606
    1607
    1608
    1609
    161
    1611
    1612
    1613
    1614
    1615
    1616
    1618
    1619
    162
    1621
    1622
    1623
    1625
    1627
    1628
    1629
    163
    1631
    1632
    1635
    1636
    1637
    1638
    1639
    164
    1640
    1641
    1642
    1643
    1644
    1645
    1646
    1647
    1648
    165
    1650
    1652
    1653
    1654
    1655
    1656
    1657
    1659
    166
    1661
    1662
    1663
    1665
    1667
    167
    1671
    1672
    1674
    1676
    1677
    1678
    168
    1680
    1685
    1686
    1688
    1689
    169
    1690
    1691
    1694
    1695
    1697
    1698
    17
    170
    1700
    1701
    1702
    1703
    1704
    1705
    1706
    1707
    1708
    1709
    171
    1710
    1711
    1712
    1713
    1714
    1715
    1716
    1717
    1718
    1719
    172
    1720
    1721
    1723
    1726
    1727
    1728
    173
    1730
    1731
    1732
    1733
    1734
    1735
    1736
    1737
    1739
    174
    1740
    1742
    1743
    1744
    1745
    1746
    1748
    1749
    175
    1751
    1752
    1753
    1755
    1756
    1757
    1759
    176
    1762
    1763
    1764
    1767
    177
    1771
    1772
    1773
    1774
    1775
    1776
    1778
    1779
    178
    1780
    1782
    1783
    1785
    1786
    1787
    1788
    179
    1791
    1794
    1795
    1796
    1798
    18
    180
    1800
    1803
    1804
    1806
    181
    1811
    1812
    1814
    1816
    1818
    182
    1820
    1821
    1822
    1823
    1824
    1826
    1827
    1828
    1829
    183
    1830
    1831
    1832
    1833
    1836
    1837
    1838
    1839
    184
    1840
    1841
    1843
    1844
    1847
    1848
    185
    1850
    1851
    1852
    1853
    1854
    1855
    1857
    1858
    1859
    186
    1862
    1863
    1866
    1868
    1869
    187
    1870
    1871
    1872
    1873
    1874
    1875
    1877
    188
    1880
    1884
    1885
    1888
    1889
    189
    1892
    1894
    1898
    19
    190
    1900
    1901
    1903
    1904
    1905
    1906
    191
    1910
    1911
    1912
    1913
    1914
    1916
    1917
    192
    1920
    1921
    1924
    1925
    1926
    1927
    193
    1930
    1931
    1932
    1934
    1935
    1936
    1937
    1939
    194
    1940
    1943
    1945
    1946
    1948
    1949
    195
    1951
    1953
    1954
    1956
    1958
    196
    1960
    1961
    1962
    1964
    1967
    1969
    197
    1971
    1972
    1976
    1978
    1979
    198
    1980
    1981
    1985
    1986
    1988
    1989
    199
    1993
    1994
    1997
    1999
    2
    20
    200
    2000
    2002
    2004
    2009
    201
    2010
    2011
    2012
    2013
    2014
    2017
    2019
    202
    2020
    2023
    2024
    2025
    2026
    2028
    2029
    203
    2030
    2031
    2032
    2033
    2035
    2039
    204
    2040
    2041
    2042
    2043
    2044
    2045
    2047
    2048
    2049
    205
    2050
    2054
    2055
    2058
    2059
    206
    2061
    2062
    2063
    2065
    2066
    2067
    2069
    207
    2070
    2071
    2074
    2075
    2076
    2077
    2078
    208
    2080
    2081
    2084
    2085
    2086
    2087
    2089
    209
    2094
    2095
    2097
    2099
    21
    210
    2100
    2107
    2108
    2109
    211
    2111
    2113
    2116
    2118
    212
    2121
    2124
    2125
    2126
    2127
    2129
    213
    2133
    2135
    2137
    214
    2140
    2141
    2142
    2146
    2149
    215
    2150
    2151
    2156
    2157
    2159
    216
    2161
    2164
    2166
    2167
    2168
    217
    2170
    2172
    2173
    2174
    2175
    2177
    2178
    218
    2180
    2181
    2184
    2185
    2187
    2188
    219
    2194
    2195
    2196
    2197
    2199
    22
    220
    2206
    2209
    221
    2212
    2214
    2218
    222
    2220
    2221
    2222
    2224
    2225
    2226
    2228
    223
    2230
    2237
    2239
    224
    2240
    2243
    225
    2251
    2252
    2253
    2255
    226
    2262
    227
    2273
    2274
    2275
    228
    2280
    2281
    2283
    2289
    229
    2291
    2293
    2294
    2295
    2296
    2297
    23
    230
    2300
    2304
    2305
    2306
    2307
    2309
    231
    2310
    2313
    2315
    2317
    2319
    232
    2324
    2327
    233
    2330
    2333
    2337
    2339
    234
    2341
    2344
    235
    2351
    2352
    2355
    2358
    236
    2362
    2365
    2367
    2369
    237
    2370
    2373
    2376
    238
    2381
    2384
    2388
    239
    2391
    2394
    2395
    2396
    2397
    24
    240
    2400
    2401
    2403
    2409
    241
    2413
    2414
    2415
    242
    2423
    2424
    243
    2430
    2431
    2432
    2433
    244
    2440
    2446
    2447
    245
    2452
    2459
    246
    2464
    2467
    247
    2470
    2479
    248
    2480
    2483
    2484
    2488
    2489
    249
    2494
    2498
    25
    250
    2501
    2504
    251
    2515
    2519
    252
    2521
    2525
    2529
    253
    2532
    254
    2545
    2549
    255
    2551
    2552
    2554
    256
    2565
    2567
    2569
    257
    2571
    2575
    258
    2586
    259
    2594
    2596
    2599
    26
    260
    2607
    2608
    2609
    261
    2615
    262
    2620
    2622
    2623
    2624
    2626
    263
    2630
    2632
    264
    2640
    2644
    265
    2654
    266
    2662
    2668
    267
    2674
    268
    269
    27
    270
    271
    2711
    2713
    272
    2725
    273
    274
    2743
    275
    2753
    2754
    276
    2760
    2764
    2765
    277
    278
    2783
    279
    2792
    2798
    28
    280
    281
    282
    2821
    283
    284
    2847
    285
    2852
    286
    2868
    287
    2873
    288
    289
    29
    290
    291
    292
    293
    2931
    294
    295
    296
    297
    298
    2982
    299
    2992
    3
    30
    300
    301
    302
    303
    3036
    304
    3048
    305
    306
    307
    3076
    308
    309
    3090
    31
    310
    3103
    311
    312
    313
    314
    315
    316
    317
    318
    319
    32
    320
    321
    322
    323
    324
    325
    326
    327
    328
    329
    33
    330
    331
    332
    3325
    333
    334
    335
    336
    337
    338
    339
    34
    340
    341
    342
    343
    344
    345
    3458
    346
    347
    348
    349
    35
    350
    351
    352
    353
    354
    355
    356
    357
    358
    359
    36
    360
    361
    362
    363
    364
    365
    366
    367
    368
    369
    37
    370
    371
    372
    373
    374
    375
    376
    377
    378
    379
    38
    380
    381
    382
    383
    384
    385
    386
    387
    388
    389
    39
    390
    391
    392
    393
    394
    395
    396
    397
    398
    399
    3995
    4
    40
    400
    401
    402
    403
    404
    405
    406
    407
    408
    409
    41
    410
    411
    412
    413
    414
    415
    416
    417
    418
    419
    42
    420
    421
    422
    423
    424
    425
    426
    427
    428
    429
    43
    430
    431
    432
    433
    434
    435
    436
    437
    438
    439
    44
    440
    441
    442
    443
    444
    445
    446
    447
    448
    449
    45
    450
    451
    452
    453
    454
    455
    456
    457
    458
    459
    46
    460
    461
    462
    463
    464
    465
    466
    467
    468
    469
    47
    470
    471
    472
    473
    474
    475
    476
    477
    478
    479
    48
    480
    481
    482
    483
    484
    485
    486
    487
    488
    489
    49
    490
    491
    492
    493
    494
    495
    496
    497
    498
    499
    5
    50
    500
    501
    502
    503
    504
    505
    506
    507
    508
    509
    51
    510
    511
    512
    513
    514
    515
    516
    517
    518
    519
    52
    520
    521
    522
    523
    524
    525
    526
    527
    528
    529
    53
    530
    531
    532
    533
    534
    535
    536
    537
    538
    539
    54
    540
    541
    542
    543
    544
    545
    546
    547
    548
    549
    55
    550
    551
    552
    553
    554
    555
    556
    557
    558
    559
    56
    560
    561
    562
    563
    564
    565
    566
    567
    568
    569
    57
    570
    571
    572
    573
    574
    575
    576
    577
    578
    579
    58
    580
    581
    582
    583
    584
    585
    586
    587
    588
    589
    59
    590
    591
    592
    593
    594
    595
    596
    597
    598
    599
    6
    60
    600
    601
    602
    603
    604
    605
    606
    607
    608
    609
    61
    610
    611
    612
    613
    614
    615
    616
    617
    618
    619
    62
    620
    621
    622
    623
    624
    625
    626
    627
    628
    629
    63
    630
    631
    632
    633
    634
    635
    636
    637
    638
    639
    64
    640
    641
    642
    643
    644
    645
    646
    647
    648
    649
    65
    650
    651
    652
    653
    654
    655
    656
    657
    658
    659
    66
    660
    661
    662
    663
    664
    665
    666
    667
    668
    669
    67
    670
    671
    672
    673
    674
    675
    676
    677
    678
    679
    68
    680
    681
    682
    683
    684
    685
    686
    687
    688
    689
    69
    690
    691
    692
    693
    694
    695
    696
    697
    698
    699
    7
    70
    700
    701
    702
    703
    704
    705
    706
    707
    708
    709
    71
    710
    711
    712
    713
    714
    715
    716
    717
    718
    719
    72
    720
    721
    722
    723
    724
    725
    726
    727
    728
    729
    73
    730
    731
    732
    733
    734
    735
    736
    737
    738
    739
    74
    740
    741
    742
    743
    744
    745
    746
    747
    748
    749
    75
    750
    751
    752
    753
    754
    755
    756
    757
    758
    759
    76
    760
    761
    762
    763
    764
    765
    766
    767
    768
    769
    77
    770
    771
    772
    773
    774
    775
    776
    777
    778
    779
    78
    780
    781
    782
    783
    784
    785
    786
    787
    788
    789
    79
    790
    791
    792
    793
    794
    795
    796
    797
    798
    799
    8
    80
    800
    801
    802
    803
    804
    805
    806
    807
    808
    809
    81
    810
    811
    812
    813
    814
    815
    816
    817
    818
    819
    82
    820
    821
    822
    823
    824
    825
    826
    827
    828
    829
    83
    830
    831
    832
    833
    834
    835
    836
    837
    838
    839
    84
    840
    841
    842
    843
    844
    845
    846
    847
    848
    849
    85
    850
    851
    852
    853
    854
    855
    856
    857
    858
    859
    86
    860
    861
    862
    863
    864
    865
    866
    867
    868
    869
    87
    870
    871
    872
    873
    874
    875
    876
    877
    878
    879
    88
    880
    881
    882
    883
    884
    885
    886
    887
    888
    889
    89
    890
    891
    892
    893
    894
    895
    896
    897
    898
    899
    9
    90
    900
    901
    902
    903
    904
    905
    906
    907
    908
    909
    91
    910
    911
    912
    913
    914
    915
    916
    917
    918
    919
    92
    920
    921
    922
    923
    924
    925
    926
    927
    928
    929
    93
    930
    931
    932
    933
    934
    935
    936
    937
    938
    939
    94
    940
    941
    942
    943
    944
    945
    946
    947
    948
    949
    95
    950
    951
    952
    953
    954
    955
    956
    957
    958
    959
    96
    960
    961
    962
    963
    964
    965
    966
    967
    968
    969
    97
    970
    971
    972
    973
    974
    975
    976
    977
    978
    979
    98
    980
    981
    982
    983
    984
    985
    986
    987
    988
    989
    99
    990
    991
    992
    993
    994
    995
    996
    997
    998
    999
------

