---------------------------
---------------------------
JURISDICTION_FIPS CHECK
---------------------------
---------------------------

------------
CHARACTER CHECK

------
UNRECOGNIZED CHARACTERS
    No Problems Found :) 
------

------------


------------
SIMILARITY CHECK

------
CONTAINS/IS SIMILAR TO EMPTY: 
    No Problems Found :) 
------

------
CONTAINS/IS SIMILAR TO EXACT EMPTY: 
    No Problems Found :) 
------

------------


---------
------
ALL VALUES:
    5000100325
    5000108575
    5000109025
    5000116000
    5000126300
    5000128600
    5000129575
    5000131525
    5000139325
    5000140075
    5000144350
    5000145550
    5000148700
    5000153725
    5000153950
    5000159650
    5000162575
    5000165050
    5000170075
    5000174650
    5000176075
    5000183275
    5000183800
    5000301450
    5000304825
    5000317725
    5000339025
    5000342850
    5000355000
    5000357025
    5000358600
    5000361000
    5000362875
    5000363175
    5000363550
    5000369775
    5000371425
    5000385075
    5000385675
    5000502875
    5000510450
    5000517125
    5000530550
    5000531825
    5000537900
    5000541725
    5000547725
    5000554400
    5000561525
    5000562200
    5000564075
    5000569925
    5000571575
    5000575700
    5000577125
    5000583500
    5000706550
    5000710675
    5000713300
    5000714875
    5000724175
    5000724400
    5000733475
    5000734600
    5000736700
    5000745250
    5000759275
    5000762050
    5000764300
    5000766175
    5000773975
    5000780350
    5000784475
    5000785150
    5000906325
    5000908725
    5000910075
    5000911800
    5000915250
    5000921250
    5000929125
    5000930775
    5000939700
    5000941425
    5000942475
    5000952750
    5000975175
    5001102500
    5001105425
    5001124050
    5001124925
    5001125225
    5001126500
    5001127100
    5001127700
    5001133025
    5001145850
    5001159125
    5001161675
    5001161750
    5001164600
    5001171725
    5001300860
    5001329275
    5001335875
    5001350650
    5001367000
    5001504375
    5001511500
    5001523500
    5001523725
    5001535050
    5001537075
    5001546675
    5001570525
    5001577425
    5001585375
    5001707375
    5001707600
    5001709325
    5001713525
    5001715700
    5001725675
    5001748175
    5001753425
    5001758075
    5001770675
    5001772400
    5001773075
    5001773675
    5001774950
    5001776750
    5001779975
    5001784175
    5001900475
    5001903550
    5001909850
    5001913150
    5001916150
    5001916300
    5001917350
    5001928075
    5001930175
    5001933775
    5001935575
    5001936325
    5001940525
    5001946450
    5001948850
    5001948925
    5001973525
    5001980200
    5001981700
    5002105200
    5002107750
    5002111950
    5002114350
    5002114500
    5002116825
    5002125375
    5002134450
    5002135425
    5002137685
    5002144125
    5002144800
    5002147200
    5002147425
    5002154250
    5002155450
    5002155600
    5002156875
    5002157250
    5002161225
    5002161300
    5002165275
    5002171050
    5002172925
    5002175925
    5002177950
    5002180875
    5002182300
    5002303175
    5002303250
    5002305650
    5002311125
    5002311350
    5002318550
    5002321925
    5002325825
    5002343600
    5002344500
    5002346000
    5002346225
    5002350275
    5002355825
    5002360625
    5002375325
    5002376525
    5002376975
    5002385525
    5002386125
    5002501900
    5002507900
    5002509475
    5002517875
    5002518325
    5002528900
    5002530925
    5002531150
    5002536175
    5002540225
    5002543375
    5002548400
    5002557700
    5002560250
    5002570750
    5002573300
    5002574800
    5002576225
    5002581400
    5002583950
    5002584700
    5002584850
    5002701300
    5002702575
    5002702725
    5002705800
    5002708275
    5002712250
    5002713675
    5002732275
    5002732425
    5002741275
    5002752900
    5002756050
    5002756350
    5002758375
    5002760100
    5002760850
    5002763775
    5002769550
    5002770375
    5002777500
    5002782000
    5002783050
    5002784925
    5002785975
------

