---------------------------
---------------------------
VOTES CHECK
---------------------------
---------------------------

------------
CHARACTER CHECK

------
UNRECOGNIZED CHARACTERS
    No Problems Found :) 
------

------
UNRECOGNIZED NEGATIVE SIGNS
    No Problems Found :) 
------

------
UNRECOGNIZED LEADING ZEROS
    No Problems Found :) 
------

------
(POSSIBLY) INVALID NEGATIVE VALUES
    No Problems Found :) 
------

------------


------------
SIMILARITY CHECK

------
CONTAINS/IS SIMILAR TO EMPTY: 
    No Problems Found :) 
------

------
CONTAINS/IS SIMILAR TO EXACT EMPTY: 
    No Problems Found :) 
------

------------


---------
------
ALL VALUES:
    0
    1
    10
    100
    1000
    1001
    1002
    1003
    1005
    1006
    1007
    1008
    1009
    101
    1010
    1011
    1013
    1014
    1015
    1016
    10166
    1017
    1018
    1019
    102
    1020
    1022
    1023
    1024
    1026
    1027
    1028
    1029
    103
    1031
    1032
    1033
    1034
    1036
    1037
    1038
    104
    1042
    1043
    1045
    1047
    1048
    1049
    105
    1051
    1052
    1053
    1054
    1056
    1057
    1058
    1059
    106
    1060
    1061
    1062
    10623
    10630
    1064
    1065
    1066
    1067
    1068
    1069
    107
    1071
    1073
    1074
    1075
    10767
    1077
    1079
    108
    1080
    1081
    1082
    1083
    1084
    1085
    1086
    1087
    1088
    1089
    109
    1090
    1092
    10920
    1093
    1094
    10944
    1095
    1096
    10974
    1099
    11
    110
    1100
    1101
    1102
    1103
    1104
    1105
    1106
    1107
    1109
    111
    1110
    1111
    1115
    1116
    1117
    1118
    1119
    112
    1120
    1122
    1124
    1125
    1126
    1127
    1128
    1129
    113
    1130
    1131
    1132
    1133
    1134
    11340
    1135
    1137
    1138
    1139
    114
    1140
    1141
    1143
    1144
    1145
    1146
    1147
    1148
    1149
    115
    1150
    1151
    1153
    1154
    1155
    1156
    1157
    116
    1160
    1162
    1163
    1164
    1165
    1166
    1167
    1168
    1169
    117
    1170
    1171
    1172
    1173
    1174
    1175
    1176
    1177
    1178
    1179
    118
    1180
    1181
    1182
    1183
    1185
    1186
    1187
    1188
    1189
    119
    1190
    1192
    1194
    1195
    1196
    1197
    1198
    12
    120
    1200
    1201
    1203
    1205
    1206
    1209
    121
    1210
    1211
    1213
    1214
    1215
    1217
    1219
    122
    1220
    1221
    1222
    1223
    1225
    1226
    1228
    1229
    123
    1230
    1231
    1232
    1233
    1234
    1237
    1238
    124
    1242
    1243
    1244
    1245
    1246
    1247
    1248
    1249
    125
    1250
    1251
    1252
    1253
    1254
    1255
    1258
    126
    1260
    1263
    1264
    1265
    1266
    1267
    1268
    1269
    127
    1270
    1271
    1274
    1275
    1276
    12766
    1277
    1278
    1279
    128
    1280
    1281
    1282
    1283
    1285
    1286
    1287
    1288
    129
    1290
    1291
    1292
    1293
    1294
    1295
    1296
    1297
    1299
    13
    130
    1300
    1301
    1305
    1306
    1308
    1309
    131
    1310
    1311
    1312
    1315
    1316
    1317
    1318
    1319
    132
    1320
    1321
    1322
    1323
    1324
    1325
    1326
    1327
    1328
    133
    1331
    13317
    1333
    1334
    1335
    1336
    1337
    1338
    134
    1341
    1342
    1343
    1344
    1345
    1346
    1348
    1349
    135
    1351
    1353
    1354
    1355
    1356
    1358
    136
    1361
    1362
    1363
    1364
    1365
    1367
    1368
    1369
    137
    1371
    1372
    1373
    1374
    1375
    1376
    1377
    13770
    1379
    138
    1380
    1381
    1384
    1386
    1387
    1389
    139
    1391
    1392
    1393
    1394
    1395
    1397
    1398
    14
    140
    1400
    1401
    1403
    1404
    1407
    1408
    141
    1413
    1414
    1415
    1416
    1418
    1419
    142
    1420
    1421
    1422
    1423
    1426
    1428
    1429
    143
    1430
    1431
    1432
    1433
    1434
    14340
    1435
    1436
    1438
    144
    1440
    1441
    1444
    1445
    1446
    1447
    1448
    1449
    145
    1450
    1451
    1453
    1454
    1456
    1457
    1459
    146
    1461
    1462
    1463
    1464
    1465
    14655
    1466
    1467
    1468
    1469
    147
    1470
    1471
    14724
    1473
    1474
    1475
    1476
    1478
    1479
    148
    1480
    1485
    1486
    1489
    149
    1490
    1491
    1492
    1493
    1494
    1496
    1497
    1498
    1499
    15
    150
    1500
    1501
    1504
    1505
    1506
    1507
    1508
    151
    1510
    1512
    1513
    1514
    1518
    1519
    152
    1520
    1521
    1522
    15249
    1525
    1527
    153
    1530
    1531
    1532
    1534
    1535
    1536
    1537
    154
    1541
    1542
    1543
    1545
    1547
    1548
    1549
    155
    1550
    1551
    1552
    1553
    1555
    1556
    1558
    156
    1561
    1562
    1564
    1566
    1568
    1569
    157
    1572
    1573
    1574
    1575
    1577
    1578
    1579
    158
    1580
    1581
    1582
    1583
    1586
    1587
    1588
    1589
    159
    1593
    1594
    15945
    1595
    1599
    16
    160
    1601
    1602
    1607
    161
    1610
    1613
    1614
    1615
    1616
    1617
    1618
    1619
    162
    1621
    1623
    1624
    1626
    1628
    1629
    163
    1630
    1632
    1635
    1636
    16380
    1639
    164
    1640
    1641
    1644
    1645
    1646
    1647
    1649
    165
    1650
    1651
    1653
    1656
    1657
    1658
    1659
    166
    1662
    1663
    1664
    1665
    1666
    1667
    1668
    1669
    167
    1670
    1673
    1675
    1676
    168
    1682
    1683
    1686
    169
    1693
    1697
    1698
    1699
    17
    170
    1700
    1702
    1704
    1705
    1706
    1707
    171
    1710
    1712
    1715
    1716
    1717
    1718
    1719
    172
    1720
    1722
    1723
    1724
    1725
    1727
    173
    1730
    1734
    1735
    1736
    1737
    1738
    174
    1742
    1743
    1745
    1749
    175
    1751
    1752
    1754
    1755
    1756
    1758
    1759
    176
    1761
    1762
    1764
    177
    1770
    1772
    1774
    1776
    1778
    178
    1782
    1783
    1784
    1786
    1788
    1789
    179
    1790
    1792
    1794
    1795
    1796
    1798
    1799
    18
    180
    1800
    1801
    1803
    1805
    1806
    1807
    181
    1811
    1815
    1816
    1817
    1818
    1819
    182
    1820
    1821
    1822
    1824
    1829
    183
    1830
    1831
    1833
    1834
    1835
    1838
    1839
    184
    1840
    1841
    1842
    1844
    1845
    1848
    185
    1850
    1852
    1855
    1856
    1857
    1858
    1859
    186
    1860
    1861
    1863
    1866
    1868
    187
    1870
    1873
    1876
    1877
    1878
    188
    1881
    1882
    1883
    1885
    1887
    189
    1890
    1891
    1893
    1894
    1895
    1896
    1898
    19
    190
    1902
    1904
    1908
    191
    1910
    1911
    1912
    19149
    1915
    1919
    192
    1922
    1923
    1924
    1925
    1926
    193
    1930
    1931
    1932
    1939
    194
    1943
    1944
    1945
    1947
    195
    1953
    1954
    1955
    1956
    1959
    196
    1960
    1963
    1964
    1965
    1967
    1968
    1969
    197
    1971
    1972
    1974
    1975
    1977
    1979
    198
    1980
    1981
    1982
    1983
    1985
    1987
    1989
    199
    1999
    2
    20
    200
    2001
    2003
    2006
    2009
    201
    2010
    2011
    2014
    202
    2020
    2021
    2025
    2026
    2028
    203
    2031
    2033
    2034
    2035
    2038
    204
    2040
    2041
    2042
    2046
    2047
    2048
    2049
    205
    2050
    2055
    2057
    2058
    206
    2060
    2061
    2062
    2063
    2064
    2065
    2066
    2069
    207
    2070
    2073
    2075
    2077
    2078
    208
    2081
    2084
    209
    2092
    2095
    2096
    2097
    2098
    21
    210
    2100
    2104
    2107
    2108
    2109
    211
    2112
    2115
    212
    2120
    2122
    2123
    2124
    2126
    2128
    2129
    213
    2136
    2138
    214
    2145
    2146
    215
    2150
    2152
    2153
    2154
    2157
    2159
    216
    2161
    2166
    217
    2170
    2171
    2177
    2179
    218
    2180
    2186
    2187
    2188
    2189
    219
    2192
    2193
    2195
    2197
    2199
    22
    220
    2200
    2203
    2207
    2208
    2209
    221
    2212
    2214
    2216
    2217
    2218
    222
    2225
    2227
    2229
    223
    2230
    2231
    2232
    2234
    2236
    2239
    224
    2241
    2245
    225
    2252
    2253
    2254
    2257
    2258
    226
    2260
    2262
    2266
    2267
    2268
    227
    2270
    2272
    2277
    2278
    228
    2282
    2285
    2289
    229
    2290
    2292
    2297
    2298
    23
    230
    2301
    2305
    2307
    231
    2317
    2319
    232
    2322
    2327
    233
    2335
    2339
    234
    2340
    2342
    2344
    2345
    2347
    2348
    235
    236
    2360
    2363
    2364
    2365
    2366
    237
    2374
    2376
    2378
    2379
    238
    2381
    239
    2391
    2395
    2397
    24
    240
    2402
    2405
    2408
    2409
    241
    2413
    2417
    2418
    2419
    242
    2422
    243
    2430
    2438
    244
    2442
    2444
    2447
    2448
    2449
    245
    2451
    2457
    2458
    246
    2460
    2461
    2463
    2467
    2469
    247
    2473
    2474
    248
    2485
    2486
    249
    2494
    25
    250
    2501
    2502
    2503
    2504
    2505
    251
    2512
    252
    2521
    253
    2531
    2532
    2535
    254
    2544
    2545
    255
    2550
    2551
    2557
    256
    2568
    2569
    257
    2571
    2578
    258
    2582
    2587
    2588
    259
    2598
    26
    260
    2600
    2604
    261
    2612
    262
    2623
    2625
    263
    2634
    2635
    2636
    264
    2642
    2649
    265
    2654
    2655
    2656
    2657
    266
    2664
    2667
    267
    2670
    2672
    2676
    268
    2682
    2683
    2688
    269
    2691
    2693
    2697
    2699
    27
    270
    2705
    2706
    2707
    271
    272
    2722
    2726
    2729
    273
    2739
    274
    2742
    2745
    2749
    275
    2750
    2754
    2756
    276
    2760
    2761
    2762
    277
    2772
    2775
    2776
    278
    279
    2795
    2799
    28
    280
    2800
    2805
    2806
    2807
    281
    2811
    2812
    2817
    282
    2829
    283
    2839
    284
    285
    2850
    2853
    2856
    286
    2865
    287
    2873
    2875
    288
    2887
    289
    2898
    29
    290
    2902
    2904
    2905
    2906
    2907
    291
    2916
    292
    2920
    2923
    2928
    293
    2934
    2938
    294
    2942
    2943
    2947
    295
    2953
    2957
    296
    297
    2973
    298
    299
    2997
    2998
    3
    30
    300
    3002
    301
    302
    3020
    3026
    303
    3032
    3034
    304
    3040
    3045
    3047
    305
    306
    3060
    3066
    307
    3072
    3074
    3075
    3078
    308
    3086
    309
    3091
    3094
    3096
    31
    310
    3102
    311
    3110
    312
    3124
    313
    3131
    314
    315
    3158
    316
    3160
    3162
    317
    3171
    318
    3188
    319
    3193
    32
    320
    3204
    3206
    3207
    321
    3217
    322
    323
    324
    3242
    325
    3256
    326
    3264
    327
    3274
    3276
    328
    329
    3295
    33
    330
    331
    332
    3324
    3326
    333
    3335
    3336
    3337
    334
    3345
    3346
    3347
    335
    336
    3367
    337
    3376
    338
    339
    34
    340
    3403
    341
    3417
    342
    3426
    343
    3431
    344
    345
    346
    3465
    347
    3475
    348
    3484
    3487
    349
    3494
    3498
    35
    350
    3500
    3506
    351
    3517
    352
    3524
    353
    354
    3541
    3543
    355
    356
    3561
    3564
    3569
    357
    3578
    358
    3589
    359
    3595
    3598
    36
    360
    3600
    361
    362
    363
    3630
    3632
    3638
    364
    3640
    3648
    365
    3656
    3657
    366
    3666
    367
    3673
    3678
    3679
    368
    3685
    369
    3690
    3693
    3699
    37
    370
    3704
    371
    3711
    372
    373
    374
    375
    3756
    3759
    376
    377
    378
    3780
    3784
    3789
    379
    3790
    3795
    38
    380
    381
    3813
    3816
    382
    3827
    383
    3834
    3835
    384
    385
    3858
    386
    3864
    3866
    387
    3878
    388
    3889
    389
    3890
    3896
    39
    390
    391
    392
    393
    394
    395
    3959
    396
    397
    3975
    398
    399
    3995
    4
    40
    400
    401
    4013
    4016
    402
    403
    4035
    404
    405
    4050
    4059
    406
    407
    408
    4083
    409
    41
    410
    411
    412
    4121
    4125
    4126
    413
    4137
    414
    4145
    415
    4156
    416
    417
    418
    419
    4190
    42
    420
    4202
    4203
    421
    4211
    422
    423
    424
    425
    4255
    426
    427
    4274
    428
    429
    4290
    43
    430
    4300
    431
    432
    433
    4338
    434
    4340
    4343
    4349
    435
    4359
    436
    437
    438
    439
    4390
    44
    440
    4400
    4401
    441
    442
    443
    4439
    444
    445
    446
    447
    448
    449
    45
    450
    4508
    451
    4516
    452
    4529
    453
    4534
    454
    455
    456
    4566
    457
    458
    459
    4590
    46
    460
    4603
    461
    462
    463
    464
    465
    466
    467
    4674
    468
    469
    47
    470
    471
    472
    4726
    473
    474
    4740
    475
    476
    477
    478
    4780
    479
    48
    480
    481
    482
    483
    484
    485
    486
    4867
    487
    488
    4885
    489
    49
    490
    4908
    491
    492
    493
    494
    495
    496
    497
    4970
    498
    499
    5
    50
    500
    5002
    501
    502
    5027
    503
    504
    505
    506
    507
    5070
    508
    5083
    509
    51
    510
    511
    512
    513
    514
    515
    516
    517
    5174
    518
    519
    5190
    52
    520
    521
    522
    523
    524
    5247
    525
    5250
    526
    527
    5277
    528
    529
    53
    530
    531
    5315
    532
    533
    534
    5349
    535
    5352
    536
    5367
    537
    538
    5386
    539
    54
    540
    541
    542
    543
    544
    545
    546
    5460
    547
    548
    5487
    549
    5498
    55
    550
    551
    552
    5523
    553
    554
    555
    5556
    556
    557
    558
    559
    56
    560
    561
    562
    563
    564
    565
    566
    567
    568
    569
    57
    570
    5706
    571
    572
    573
    574
    575
    576
    577
    578
    579
    58
    580
    581
    582
    583
    5835
    584
    585
    586
    587
    588
    589
    59
    590
    591
    592
    593
    594
    595
    596
    597
    598
    5988
    599
    6
    60
    600
    601
    602
    603
    604
    605
    606
    607
    608
    609
    61
    610
    611
    612
    613
    614
    615
    616
    617
    6172
    618
    6180
    619
    62
    620
    6204
    621
    6210
    622
    623
    6231
    624
    625
    626
    627
    628
    629
    63
    630
    631
    632
    633
    634
    635
    636
    637
    638
    6383
    639
    64
    640
    641
    642
    643
    644
    645
    646
    647
    648
    649
    65
    650
    651
    6513
    652
    653
    654
    655
    656
    657
    658
    6585
    659
    66
    660
    661
    662
    663
    664
    665
    6652
    666
    667
    668
    669
    67
    670
    671
    672
    673
    674
    675
    676
    6762
    677
    678
    679
    68
    680
    681
    682
    683
    684
    685
    686
    687
    688
    689
    69
    690
    691
    692
    693
    694
    695
    696
    697
    698
    699
    7
    70
    700
    7000
    701
    7012
    702
    7034
    704
    705
    706
    707
    708
    7082
    7092
    71
    710
    711
    712
    7128
    7138
    714
    715
    716
    717
    7178
    718
    719
    72
    720
    721
    722
    723
    724
    725
    726
    727
    728
    729
    7296
    73
    731
    732
    733
    734
    735
    7353
    7356
    736
    737
    738
    739
    74
    740
    741
    742
    743
    744
    745
    746
    747
    748
    749
    75
    750
    7503
    7509
    751
    752
    753
    754
    755
    756
    7560
    7568
    757
    759
    76
    760
    761
    762
    763
    764
    765
    766
    767
    768
    769
    77
    771
    7713
    772
    773
    774
    775
    776
    7764
    777
    778
    779
    78
    780
    781
    782
    783
    784
    785
    786
    787
    788
    789
    79
    790
    791
    792
    793
    795
    796
    797
    798
    799
    7990
    8
    80
    800
    801
    802
    803
    804
    805
    806
    807
    808
    809
    81
    810
    812
    8121
    813
    814
    815
    816
    817
    818
    819
    82
    820
    821
    822
    823
    824
    8247
    825
    826
    8262
    827
    828
    829
    8290
    83
    830
    831
    832
    833
    834
    835
    836
    837
    838
    839
    84
    840
    841
    842
    843
    844
    845
    846
    847
    848
    849
    85
    850
    851
    852
    853
    854
    855
    8550
    856
    857
    858
    859
    86
    860
    861
    862
    863
    864
    865
    866
    867
    869
    8694
    87
    870
    871
    872
    874
    875
    876
    877
    878
    879
    88
    880
    881
    882
    883
    885
    886
    887
    888
    889
    89
    891
    892
    893
    894
    895
    896
    897
    898
    899
    8994
    9
    90
    900
    901
    903
    904
    905
    906
    907
    908
    909
    91
    910
    911
    912
    913
    914
    9141
    915
    916
    917
    918
    9180
    919
    92
    920
    921
    922
    923
    924
    925
    9258
    926
    927
    928
    929
    93
    930
    931
    932
    933
    934
    935
    936
    937
    9372
    938
    939
    94
    940
    941
    943
    944
    945
    946
    947
    95
    950
    951
    952
    953
    954
    955
    9560
    957
    958
    959
    96
    960
    962
    963
    965
    966
    967
    969
    97
    970
    971
    972
    973
    974
    975
    976
    977
    978
    979
    98
    980
    981
    9816
    983
    984
    986
    987
    988
    989
    99
    990
    991
    992
    993
    995
    998
    999
------

