---------------------------
---------------------------
VOTES CHECK
---------------------------
---------------------------

------------
CHARACTER CHECK

------
UNRECOGNIZED CHARACTERS
    No Problems Found :) 
------

------
UNRECOGNIZED NEGATIVE SIGNS
    No Problems Found :) 
------

------
UNRECOGNIZED LEADING ZEROS
    No Problems Found :) 
------

------
(POSSIBLY) INVALID NEGATIVE VALUES
    No Problems Found :) 
------

------------


------------
SIMILARITY CHECK

------
CONTAINS/IS SIMILAR TO EMPTY: 
    No Problems Found :) 
------

------
CONTAINS/IS SIMILAR TO EXACT EMPTY: 
    No Problems Found :) 
------

------------


---------
------
ALL VALUES:
    0
    1
    10
    100
    1001
    1002
    1003
    1004
    1006
    1007
    1008
    101
    1010
    1011
    1012
    1013
    1014
    1016
    1017
    1018
    1019
    102
    1020
    1021
    1022
    1023
    1025
    1027
    1028
    103
    1030
    1031
    1032
    1033
    1034
    1035
    1036
    1038
    1039
    104
    1040
    1042
    1043
    1044
    1047
    1048
    1049
    105
    1050
    1051
    1052
    1054
    1056
    1057
    1058
    1059
    106
    1060
    1061
    1062
    1063
    1064
    1065
    1066
    1067
    1068
    1069
    107
    1070
    1071
    1072
    1073
    1074
    1075
    1076
    1077
    1078
    1079
    108
    1080
    1081
    1082
    1087
    1088
    1089
    109
    1090
    1091
    1092
    1093
    1094
    1095
    1096
    1097
    1098
    1099
    11
    110
    1100
    1101
    1104
    1105
    1106
    1107
    1108
    111
    1111
    1112
    1113
    1114
    1116
    1118
    1119
    112
    1120
    1121
    1122
    1123
    1124
    1125
    1126
    1127
    1129
    113
    1130
    1131
    1132
    1134
    1135
    1136
    1137
    1138
    1139
    114
    1140
    1142
    1146
    1147
    1148
    1149
    115
    1150
    1151
    1152
    1153
    1154
    1155
    1157
    1158
    1159
    116
    1160
    1161
    1163
    1164
    1165
    1166
    1168
    1169
    117
    1170
    1171
    1172
    1173
    1174
    1175
    1176
    1179
    118
    1186
    1187
    1189
    119
    1191
    1193
    1194
    1195
    1197
    1199
    12
    120
    1200
    1201
    1202
    1203
    1204
    1205
    1206
    1207
    121
    1210
    1212
    1213
    1215
    1216
    1218
    1219
    122
    1220
    1222
    1224
    1228
    1229
    123
    1231
    1232
    1234
    1236
    1237
    1238
    1239
    124
    1240
    1241
    1243
    1244
    1245
    1247
    1248
    125
    1250
    1251
    1254
    1255
    1256
    1257
    1258
    1259
    126
    1260
    1261
    1264
    1265
    1266
    1268
    127
    1270
    1271
    1273
    1275
    1276
    1277
    1278
    1279
    128
    1280
    1281
    1282
    1283
    1285
    1286
    1287
    1289
    129
    1290
    1292
    1295
    1296
    1297
    1298
    13
    130
    1300
    1301
    1303
    1304
    1305
    1309
    131
    1310
    1311
    1312
    1313
    1314
    1315
    1316
    1318
    1319
    132
    1320
    1321
    1322
    1323
    1325
    1327
    1328
    1329
    133
    1331
    1334
    1335
    1337
    134
    1340
    1341
    1343
    1344
    1345
    1347
    1348
    135
    1350
    1351
    1352
    1353
    1356
    1359
    136
    1360
    1362
    1363
    1364
    1365
    1366
    1367
    1368
    1369
    137
    1371
    1372
    1374
    1375
    1376
    1377
    1379
    138
    1380
    1382
    1385
    1386
    1387
    1388
    139
    1390
    1391
    1392
    1395
    1397
    1398
    1399
    14
    140
    1402
    1403
    1406
    1407
    1408
    141
    1412
    1413
    1414
    1416
    1417
    1418
    1419
    142
    1420
    1421
    1423
    1425
    1427
    1428
    143
    1430
    1431
    1432
    1433
    1435
    1437
    1438
    1439
    144
    1440
    1441
    1446
    1447
    1448
    145
    1451
    1452
    1453
    1456
    1457
    1459
    146
    1463
    1466
    1467
    1468
    1469
    147
    1470
    1472
    1473
    1474
    1476
    1477
    1479
    148
    1480
    1481
    1482
    1486
    1488
    1489
    149
    1490
    1491
    1495
    1497
    1498
    15
    150
    1504
    1505
    151
    1511
    1512
    1519
    152
    1521
    1522
    1523
    1524
    1527
    153
    1532
    1534
    1538
    154
    1540
    1543
    1544
    1548
    1549
    155
    1555
    1557
    156
    1561
    1562
    1564
    1567
    1569
    157
    1572
    1573
    1577
    1578
    158
    1580
    1585
    1587
    1588
    159
    1591
    1596
    16
    160
    1604
    1605
    1608
    161
    1611
    1617
    162
    1621
    1628
    163
    1631
    1632
    1635
    1638
    164
    1642
    1645
    1648
    165
    166
    167
    1677
    1678
    168
    1680
    1684
    169
    1692
    1694
    17
    170
    1703
    171
    1716
    172
    1723
    1726
    1727
    1728
    173
    174
    1744
    175
    1753
    176
    1766
    1769
    177
    1771
    1772
    1778
    1779
    178
    1780
    1781
    1783
    1784
    179
    18
    180
    181
    1819
    182
    1828
    183
    1835
    1839
    184
    1847
    185
    1852
    1853
    1856
    186
    1860
    1867
    187
    1874
    1878
    1879
    188
    1887
    1889
    189
    1892
    1896
    1899
    19
    190
    1902
    1904
    1906
    191
    1912
    1918
    192
    1920
    1923
    193
    1932
    194
    1943
    195
    1955
    1958
    196
    197
    1970
    1974
    1977
    198
    1986
    199
    1996
    1997
    2
    20
    200
    2002
    2007
    201
    2018
    2019
    202
    2026
    203
    2036
    204
    2043
    2044
    205
    2053
    206
    2061
    207
    2071
    2075
    2077
    208
    2088
    209
    21
    210
    2103
    211
    2110
    2113
    2116
    2119
    212
    2123
    213
    2136
    214
    215
    216
    217
    2177
    218
    2186
    219
    2192
    22
    220
    221
    2210
    222
    2226
    223
    2235
    224
    225
    2251
    226
    2260
    2266
    227
    2279
    228
    229
    2290
    23
    230
    231
    232
    2328
    233
    234
    235
    236
    2363
    237
    2379
    238
    2387
    239
    2390
    2396
    24
    240
    2406
    241
    242
    2424
    243
    244
    245
    2455
    246
    2462
    247
    248
    249
    25
    250
    251
    252
    253
    254
    255
    256
    257
    2576
    258
    259
    2590
    26
    260
    261
    262
    263
    264
    265
    2656
    266
    267
    2677
    268
    2685
    2689
    269
    27
    270
    271
    2714
    272
    273
    274
    275
    276
    277
    278
    2780
    279
    28
    280
    281
    2811
    282
    283
    2838
    284
    285
    286
    287
    288
    289
    29
    290
    291
    292
    2927
    293
    294
    295
    296
    297
    298
    299
    3
    30
    300
    301
    3017
    302
    303
    304
    305
    306
    307
    308
    309
    31
    310
    3104
    311
    312
    313
    314
    315
    316
    317
    318
    319
    32
    320
    321
    322
    323
    324
    325
    326
    327
    328
    329
    33
    330
    331
    332
    333
    334
    335
    336
    337
    338
    339
    34
    340
    341
    342
    343
    344
    345
    346
    347
    3472
    348
    349
    35
    350
    351
    352
    353
    354
    355
    356
    357
    358
    359
    36
    360
    361
    362
    363
    364
    365
    366
    367
    368
    369
    37
    370
    371
    372
    373
    374
    375
    376
    377
    378
    379
    38
    380
    381
    382
    383
    384
    385
    386
    387
    388
    389
    39
    390
    391
    392
    393
    394
    395
    396
    397
    398
    399
    4
    40
    400
    401
    402
    403
    404
    405
    406
    407
    408
    409
    41
    410
    411
    412
    413
    414
    415
    416
    417
    418
    419
    42
    420
    421
    422
    423
    424
    425
    426
    427
    428
    429
    43
    430
    431
    432
    433
    434
    435
    436
    437
    438
    439
    44
    440
    441
    442
    443
    444
    445
    446
    447
    448
    449
    45
    450
    451
    452
    453
    454
    455
    456
    457
    458
    459
    46
    460
    461
    462
    463
    464
    465
    466
    467
    468
    469
    47
    470
    471
    472
    473
    474
    475
    476
    477
    478
    479
    48
    480
    481
    482
    483
    484
    485
    486
    487
    488
    489
    49
    490
    491
    492
    493
    494
    495
    496
    497
    498
    499
    5
    50
    500
    501
    502
    503
    504
    505
    506
    507
    508
    509
    51
    510
    511
    512
    513
    514
    515
    516
    517
    518
    519
    52
    520
    521
    522
    523
    524
    525
    526
    527
    528
    529
    53
    530
    531
    532
    533
    534
    535
    536
    537
    538
    539
    54
    540
    541
    542
    543
    544
    545
    546
    547
    548
    549
    55
    550
    551
    552
    553
    554
    555
    556
    557
    558
    559
    56
    560
    561
    562
    563
    564
    565
    566
    567
    568
    569
    57
    570
    571
    572
    573
    574
    575
    576
    577
    578
    579
    58
    580
    581
    582
    583
    584
    585
    586
    587
    588
    589
    59
    590
    591
    592
    593
    594
    595
    596
    597
    598
    599
    6
    60
    600
    601
    602
    603
    604
    605
    606
    607
    608
    609
    61
    610
    611
    612
    613
    614
    615
    616
    617
    618
    619
    62
    620
    621
    622
    623
    624
    625
    626
    627
    628
    629
    63
    630
    631
    632
    633
    634
    635
    636
    637
    638
    639
    64
    640
    641
    642
    643
    644
    645
    646
    647
    648
    649
    65
    650
    651
    652
    653
    654
    655
    656
    657
    658
    659
    66
    660
    661
    662
    663
    664
    665
    666
    667
    668
    669
    67
    670
    671
    672
    673
    674
    675
    676
    677
    678
    679
    68
    680
    681
    682
    683
    684
    685
    686
    687
    688
    689
    69
    690
    691
    692
    693
    694
    695
    696
    697
    698
    699
    7
    70
    700
    701
    702
    703
    704
    705
    706
    708
    709
    71
    710
    711
    712
    713
    714
    715
    717
    718
    719
    72
    720
    721
    722
    723
    724
    725
    726
    727
    728
    729
    73
    730
    731
    732
    733
    734
    735
    736
    737
    738
    739
    74
    740
    741
    742
    743
    744
    745
    746
    747
    748
    749
    75
    750
    751
    752
    753
    754
    755
    756
    757
    758
    759
    76
    760
    761
    762
    763
    764
    765
    766
    767
    768
    769
    77
    770
    771
    772
    773
    774
    775
    776
    777
    778
    779
    78
    780
    781
    782
    783
    784
    785
    786
    787
    788
    789
    79
    790
    791
    792
    793
    794
    796
    797
    798
    799
    8
    80
    801
    802
    804
    805
    806
    807
    808
    809
    81
    810
    811
    812
    813
    814
    815
    816
    817
    818
    819
    82
    820
    821
    822
    823
    824
    825
    826
    827
    828
    829
    83
    830
    831
    832
    833
    834
    835
    836
    837
    838
    839
    84
    840
    841
    843
    844
    846
    847
    848
    849
    85
    850
    851
    852
    853
    854
    855
    856
    857
    858
    859
    86
    861
    862
    863
    864
    865
    866
    867
    868
    869
    87
    870
    872
    873
    874
    875
    877
    878
    879
    88
    880
    881
    882
    883
    884
    886
    887
    888
    889
    89
    890
    891
    892
    893
    894
    895
    896
    897
    898
    899
    9
    90
    900
    901
    902
    903
    904
    905
    906
    907
    908
    909
    91
    910
    911
    913
    914
    915
    916
    917
    918
    919
    92
    920
    922
    923
    924
    926
    927
    928
    929
    93
    930
    931
    933
    934
    935
    936
    937
    938
    939
    94
    940
    941
    943
    944
    945
    946
    949
    95
    950
    951
    954
    955
    956
    957
    958
    96
    961
    962
    963
    964
    966
    967
    968
    969
    97
    970
    971
    972
    973
    974
    975
    976
    978
    98
    981
    982
    983
    984
    985
    986
    987
    988
    989
    99
    990
    991
    992
    993
    996
    997
    998
    999
------

