---------------------------
---------------------------
VOTES CHECK
---------------------------
---------------------------

------------
CHARACTER CHECK

------
UNRECOGNIZED CHARACTERS
    No Problems Found :) 
------

------
UNRECOGNIZED NEGATIVE SIGNS
    No Problems Found :) 
------

------
UNRECOGNIZED LEADING ZEROS
    No Problems Found :) 
------

------
(POSSIBLY) INVALID NEGATIVE VALUES
    No Problems Found :) 
------

------------


------------
SIMILARITY CHECK

------
CONTAINS/IS SIMILAR TO EMPTY: 
    No Problems Found :) 
------

------
CONTAINS/IS SIMILAR TO EXACT EMPTY: 
    No Problems Found :) 
------

------------


---------
------
ALL VALUES:
    0
    1
    10
    100
    1000
    1001
    1002
    1003
    1004
    1005
    1006
    1007
    1008
    1009
    101
    1010
    1011
    1012
    1013
    1014
    1015
    1018
    1019
    102
    1021
    1022
    1025
    1026
    1027
    1028
    1029
    103
    1030
    1031
    1032
    1033
    1034
    1035
    1036
    1037
    1038
    1039
    104
    1040
    1041
    1042
    1043
    1044
    1045
    1046
    1047
    1048
    1049
    105
    1050
    1051
    1052
    1053
    1054
    1055
    1056
    1057
    1058
    1059
    106
    1060
    1061
    1062
    1064
    1065
    1066
    1067
    1068
    1069
    107
    1070
    1071
    1072
    1073
    1074
    1075
    1076
    1078
    1079
    108
    1080
    1081
    1082
    1083
    1084
    1085
    1087
    1088
    1089
    109
    1090
    1092
    1094
    1095
    1096
    1097
    1098
    1099
    11
    110
    1100
    1101
    1102
    1105
    1106
    1107
    1108
    1109
    111
    1110
    1111
    1113
    1114
    1115
    1116
    1117
    1118
    1119
    112
    1120
    1121
    1122
    1123
    1124
    1125
    1126
    1127
    1128
    1129
    113
    1130
    1132
    1133
    1134
    1135
    1136
    1138
    1139
    114
    1140
    1141
    1142
    1143
    1144
    1145
    1147
    1148
    1149
    115
    1152
    1154
    1155
    1156
    1157
    1158
    116
    1160
    1161
    1162
    1163
    1165
    1166
    1167
    1168
    1169
    117
    1170
    1171
    1172
    1174
    1175
    1176
    1177
    1178
    1179
    118
    1180
    1181
    1182
    1183
    1184
    1185
    1186
    1187
    1188
    1189
    119
    1190
    1191
    1192
    1193
    1194
    1195
    1196
    1197
    1199
    12
    120
    1200
    1203
    1204
    1205
    1206
    1207
    121
    1210
    1211
    1212
    1213
    1214
    1215
    1216
    1217
    1218
    1219
    122
    1220
    1221
    1222
    1223
    1224
    1225
    1226
    1228
    1229
    123
    1231
    1232
    1233
    1234
    1235
    1236
    1237
    1238
    1239
    124
    1240
    1241
    1242
    1243
    1244
    1245
    1246
    1247
    1248
    125
    1250
    1251
    1252
    1253
    1254
    1255
    1256
    1257
    1258
    1259
    126
    1260
    1261
    1262
    1263
    1264
    1265
    1266
    1267
    1269
    127
    1270
    1271
    1273
    1274
    1276
    1277
    1279
    128
    1280
    1282
    1283
    1284
    1285
    1286
    1288
    1289
    129
    1290
    1291
    1292
    1293
    1294
    1295
    1296
    1297
    1298
    13
    130
    1300
    1302
    1303
    1304
    1305
    1306
    1308
    1309
    131
    1311
    1312
    1313
    1314
    1315
    1316
    1319
    132
    1320
    1321
    1323
    1324
    1325
    1326
    1327
    1329
    133
    1330
    1331
    1332
    1333
    1334
    1335
    1337
    1338
    1339
    134
    1340
    1343
    1344
    1345
    1346
    1347
    1348
    1349
    135
    1351
    1353
    1354
    1355
    1357
    1358
    1359
    136
    1360
    1361
    1363
    1365
    1366
    1368
    1369
    137
    1370
    1372
    1373
    1375
    1376
    1377
    1379
    138
    1380
    1381
    1383
    1384
    1385
    1386
    1388
    1389
    139
    1390
    1391
    1392
    1393
    1394
    1396
    1397
    1398
    1399
    14
    140
    1400
    1402
    1403
    1404
    1405
    1406
    1407
    1408
    1409
    141
    1411
    1412
    1413
    1414
    1415
    1416
    1417
    1418
    1419
    142
    1420
    1421
    1422
    1424
    1425
    1427
    1428
    1429
    143
    1431
    1432
    1433
    1434
    1435
    1436
    1437
    1438
    1439
    144
    1440
    1441
    1442
    1443
    1445
    1446
    1447
    1448
    145
    1450
    1452
    1454
    1455
    1456
    1457
    1458
    1459
    146
    1462
    1463
    1465
    1468
    1469
    147
    1470
    1471
    1472
    1473
    1474
    1475
    1477
    1478
    148
    1481
    1483
    1484
    1487
    1488
    1489
    149
    1490
    1493
    1494
    1495
    1496
    1497
    1499
    15
    150
    1500
    1501
    1503
    1504
    1505
    1506
    1507
    1508
    1509
    151
    1511
    1512
    1513
    1514
    1515
    1516
    1517
    1518
    1519
    152
    1520
    1523
    1524
    1525
    1526
    1527
    1529
    153
    1531
    1534
    1538
    154
    1540
    1541
    1542
    1543
    1544
    1546
    1547
    1548
    1549
    155
    1550
    1551
    1552
    1553
    1555
    1556
    1557
    1558
    156
    1560
    1562
    1563
    1564
    1565
    1568
    1569
    157
    1570
    1571
    1572
    1573
    1574
    1575
    1577
    1578
    1579
    158
    1580
    1581
    1583
    1584
    1585
    1586
    1587
    1588
    1589
    159
    1590
    1592
    1593
    1594
    1596
    1597
    16
    160
    1601
    1602
    1603
    1604
    1605
    1606
    1607
    1608
    1609
    161
    1610
    1611
    1612
    1613
    1614
    1616
    1618
    1619
    162
    1621
    1622
    1624
    1625
    1626
    1627
    1629
    163
    1630
    1632
    1633
    1634
    1635
    1639
    164
    1640
    1641
    1642
    1644
    1645
    1646
    1648
    165
    1650
    1652
    1653
    1654
    1656
    1657
    1658
    1659
    166
    1661
    1662
    1663
    1664
    1665
    1666
    1667
    1669
    167
    1670
    1672
    1675
    1676
    1679
    168
    1681
    1684
    1686
    1688
    1689
    169
    1690
    1692
    1696
    1697
    1698
    1699
    17
    170
    1700
    1701
    1702
    1703
    1704
    1705
    1707
    171
    1710
    1711
    1713
    1716
    1717
    1718
    1719
    172
    1720
    1721
    1722
    1723
    1724
    1725
    1726
    1727
    1728
    1729
    173
    1730
    1731
    1732
    1733
    1734
    1735
    1736
    1738
    1739
    174
    1740
    1741
    1743
    1744
    1746
    1748
    1749
    175
    1750
    1752
    1753
    1754
    1756
    1757
    1758
    1759
    176
    1760
    1761
    1763
    1764
    1765
    1766
    1767
    1768
    177
    1771
    1772
    1773
    1774
    1775
    1776
    1777
    1779
    178
    1780
    1782
    1783
    1785
    1786
    1787
    1788
    1789
    179
    1790
    1791
    1792
    1793
    1795
    1796
    1797
    1799
    18
    180
    1800
    1801
    1802
    1806
    1808
    1809
    181
    1810
    1811
    1813
    1815
    1817
    1819
    182
    1823
    1824
    1825
    1827
    1829
    183
    1830
    1831
    1833
    1834
    1836
    1838
    184
    1840
    1841
    1842
    1845
    1848
    1849
    185
    1852
    1858
    1859
    186
    1863
    1864
    1865
    1867
    187
    1871
    1872
    1873
    1875
    1876
    1878
    1879
    188
    1881
    1882
    1883
    1884
    1885
    1886
    1889
    189
    1890
    1893
    1895
    1896
    1897
    1899
    19
    190
    1900
    1901
    1902
    1903
    1904
    1906
    1909
    191
    1910
    1911
    1912
    1916
    1917
    1919
    192
    1920
    1921
    1923
    1925
    193
    1931
    1934
    1935
    1936
    1938
    194
    1941
    1942
    1945
    1947
    1948
    1949
    195
    1950
    1951
    1952
    1953
    1955
    1957
    1959
    196
    1960
    1961
    1963
    1964
    1965
    1966
    1967
    197
    1970
    1971
    1972
    1974
    1979
    198
    1980
    1981
    1982
    1984
    1986
    1987
    199
    1994
    1995
    1996
    1998
    2
    20
    200
    2001
    2003
    2004
    2006
    2008
    2009
    201
    2010
    2011
    2012
    2014
    2016
    2018
    2019
    202
    2020
    2021
    2022
    2026
    203
    2031
    2032
    2034
    2035
    2036
    2039
    204
    2040
    2041
    2042
    2044
    2045
    2047
    2048
    2049
    205
    2052
    2055
    2056
    2057
    2059
    206
    2062
    2063
    2064
    2065
    2068
    207
    2072
    2075
    2076
    2077
    208
    2081
    2083
    2084
    2085
    2086
    2087
    209
    2091
    2094
    2095
    2096
    21
    210
    2100
    2101
    2102
    2104
    2106
    2108
    2109
    211
    2112
    2113
    2114
    2115
    2116
    212
    2121
    2123
    2125
    2126
    2128
    2129
    213
    2130
    2131
    2132
    2133
    2136
    2138
    214
    2141
    2142
    2143
    2144
    2145
    2147
    2148
    2149
    215
    2154
    2156
    2157
    216
    2160
    2164
    2165
    2168
    2169
    217
    2170
    2173
    2175
    2176
    2177
    218
    2184
    2185
    2187
    2188
    2189
    219
    2191
    2194
    2195
    2197
    22
    220
    2200
    2202
    2205
    2207
    2209
    221
    2211
    2213
    2215
    2217
    2218
    222
    2221
    2222
    2224
    2226
    2227
    2228
    223
    2232
    2235
    2239
    224
    2245
    2246
    2248
    225
    2253
    2256
    2257
    2258
    2259
    226
    2261
    2264
    2268
    2269
    227
    2273
    2274
    2275
    2279
    228
    2280
    2282
    2283
    2285
    2286
    229
    2291
    2293
    23
    230
    2301
    2307
    231
    2312
    2316
    232
    2322
    2326
    2329
    233
    2330
    2331
    2332
    2333
    2335
    2339
    234
    2342
    235
    2350
    2352
    2355
    2356
    2357
    236
    2360
    2366
    2369
    237
    2370
    2373
    2375
    2376
    2378
    238
    2380
    2381
    2383
    2384
    2385
    2387
    2388
    239
    2390
    2398
    2399
    24
    240
    2400
    2403
    241
    2415
    2417
    242
    2421
    2424
    2426
    2428
    243
    2430
    2431
    2434
    2435
    244
    2440
    2444
    2446
    2447
    2448
    2449
    245
    2451
    2454
    2455
    2457
    2458
    246
    2460
    2462
    2464
    2466
    2467
    2468
    247
    2470
    248
    2480
    2484
    2485
    2487
    2489
    249
    2490
    2497
    25
    250
    2501
    2507
    251
    2510
    2512
    2514
    2515
    2517
    252
    2520
    2521
    2522
    2526
    2528
    253
    2532
    2537
    254
    2542
    2543
    2548
    255
    2553
    2554
    2559
    256
    2565
    2568
    257
    2571
    2572
    2573
    2579
    258
    2581
    2582
    2588
    259
    2592
    2593
    26
    260
    2601
    2602
    2605
    2607
    261
    2612
    2615
    2617
    2619
    262
    2620
    2621
    2623
    2628
    263
    2634
    2638
    264
    2643
    2644
    2645
    265
    2650
    2652
    2655
    2659
    266
    2667
    2669
    267
    2671
    2672
    2674
    2677
    2679
    268
    2680
    2682
    2684
    2685
    2686
    2688
    269
    2692
    2693
    2695
    27
    270
    2701
    2702
    271
    2711
    2712
    2714
    272
    2728
    273
    2731
    2733
    2735
    274
    2743
    275
    2756
    276
    2761
    2763
    2766
    277
    2772
    2773
    2778
    278
    2785
    2789
    279
    2792
    2793
    2798
    28
    280
    2803
    2804
    281
    2814
    2815
    2817
    282
    2823
    2829
    283
    2838
    284
    2841
    2849
    285
    286
    2860
    2865
    2869
    287
    2871
    2878
    2879
    288
    2882
    2885
    289
    29
    290
    2901
    2907
    291
    2910
    2911
    2916
    292
    2921
    2923
    2924
    2926
    2927
    2928
    293
    2930
    2934
    2938
    294
    2940
    2943
    2944
    2945
    2949
    295
    2951
    2956
    296
    2964
    2969
    297
    2972
    2974
    2977
    2978
    298
    2982
    2986
    299
    2991
    2995
    3
    30
    300
    3006
    3008
    301
    3011
    3016
    302
    3020
    3023
    303
    3031
    304
    3041
    305
    3056
    306
    307
    308
    309
    3090
    3098
    31
    310
    3100
    3101
    3103
    311
    3117
    312
    3128
    3129
    313
    3138
    314
    3141
    315
    3152
    316
    3168
    317
    3173
    3175
    318
    3188
    319
    3194
    32
    320
    3206
    321
    3217
    322
    3223
    3226
    3229
    323
    324
    3242
    3245
    325
    3253
    3258
    326
    327
    3272
    328
    3284
    329
    3293
    33
    330
    331
    3317
    332
    3321
    3326
    333
    3338
    334
    3345
    335
    3352
    336
    3360
    3361
    3362
    3368
    337
    3370
    3374
    3377
    338
    3382
    3387
    3388
    339
    3396
    34
    340
    3401
    3404
    3405
    3408
    341
    3414
    3416
    3419
    342
    343
    3435
    3439
    344
    3446
    345
    3454
    3459
    346
    3460
    3461
    3466
    3468
    347
    3473
    3474
    348
    3480
    3482
    3486
    349
    35
    350
    3509
    351
    3512
    3514
    3516
    352
    3520
    3526
    3528
    353
    3537
    354
    3547
    355
    3550
    356
    3564
    3568
    357
    3573
    358
    3585
    3588
    3589
    359
    36
    360
    3604
    361
    3610
    3619
    362
    3626
    363
    364
    3649
    365
    3656
    3657
    3658
    3659
    366
    3660
    3669
    367
    368
    3681
    3685
    369
    3692
    3693
    37
    370
    3704
    371
    3718
    372
    3722
    373
    374
    3743
    3744
    375
    376
    377
    3775
    378
    3785
    379
    3790
    3791
    38
    380
    3806
    381
    382
    383
    384
    385
    386
    387
    388
    389
    3897
    39
    390
    391
    392
    393
    394
    3947
    395
    396
    3963
    397
    398
    3986
    399
    3994
    4
    40
    400
    401
    402
    403
    404
    405
    406
    407
    408
    409
    41
    410
    411
    412
    413
    414
    4144
    415
    416
    417
    4177
    418
    419
    42
    420
    4204
    421
    4213
    422
    423
    424
    4243
    425
    4252
    426
    427
    428
    429
    43
    430
    431
    432
    433
    434
    435
    436
    437
    438
    439
    4395
    44
    440
    441
    442
    4420
    443
    444
    445
    446
    447
    448
    449
    45
    450
    451
    452
    453
    454
    455
    456
    457
    458
    459
    46
    460
    461
    462
    463
    464
    465
    466
    467
    468
    469
    47
    470
    471
    472
    473
    474
    475
    476
    477
    478
    479
    48
    480
    4801
    481
    482
    483
    484
    485
    4857
    486
    487
    488
    489
    49
    490
    491
    4912
    492
    493
    494
    495
    4950
    496
    4963
    497
    4975
    498
    499
    5
    50
    500
    501
    502
    503
    5031
    504
    505
    506
    507
    508
    509
    51
    510
    511
    5110
    512
    513
    514
    515
    516
    517
    5174
    518
    519
    52
    520
    521
    522
    523
    524
    525
    526
    527
    528
    529
    5299
    53
    530
    531
    5313
    532
    533
    5337
    534
    535
    5354
    536
    5362
    537
    538
    539
    54
    540
    541
    542
    543
    5431
    544
    5445
    545
    547
    548
    5486
    549
    55
    550
    551
    552
    553
    5536
    554
    555
    556
    557
    558
    5584
    559
    56
    560
    561
    562
    563
    564
    565
    566
    567
    568
    569
    57
    570
    571
    572
    573
    574
    575
    576
    577
    578
    5782
    579
    58
    580
    581
    582
    583
    584
    585
    586
    5863
    587
    5876
    588
    589
    59
    590
    591
    592
    593
    594
    595
    596
    597
    5977
    598
    599
    6
    60
    600
    601
    6013
    602
    6023
    603
    604
    605
    606
    6060
    607
    608
    609
    61
    610
    6107
    611
    612
    613
    614
    615
    616
    617
    618
    619
    62
    620
    621
    622
    623
    624
    625
    626
    627
    628
    629
    63
    630
    631
    632
    633
    634
    635
    636
    637
    638
    64
    640
    641
    642
    643
    644
    645
    646
    647
    648
    649
    65
    650
    651
    652
    653
    654
    655
    656
    657
    658
    659
    66
    660
    661
    662
    663
    664
    665
    666
    667
    668
    669
    67
    670
    671
    672
    673
    674
    675
    676
    677
    678
    679
    68
    680
    681
    682
    683
    684
    685
    686
    687
    688
    689
    69
    690
    691
    692
    693
    694
    695
    696
    697
    698
    699
    7
    70
    700
    701
    702
    703
    704
    705
    706
    707
    708
    709
    71
    710
    711
    712
    713
    714
    715
    716
    717
    718
    719
    72
    720
    721
    722
    723
    724
    725
    726
    727
    728
    729
    73
    730
    731
    732
    733
    734
    735
    736
    737
    738
    739
    74
    740
    741
    742
    743
    744
    745
    746
    747
    748
    749
    75
    750
    751
    752
    753
    754
    755
    756
    757
    758
    759
    76
    760
    761
    762
    763
    764
    765
    766
    767
    768
    769
    77
    770
    771
    772
    773
    774
    775
    776
    777
    778
    779
    78
    780
    781
    782
    783
    784
    785
    786
    787
    788
    789
    79
    790
    791
    792
    793
    794
    795
    796
    797
    798
    799
    8
    80
    800
    801
    802
    803
    805
    806
    807
    808
    809
    81
    813
    814
    815
    816
    817
    818
    819
    82
    820
    821
    822
    823
    824
    825
    826
    828
    829
    83
    830
    831
    832
    833
    834
    835
    836
    837
    838
    839
    84
    840
    841
    842
    843
    845
    846
    847
    848
    849
    85
    850
    851
    852
    854
    855
    856
    858
    859
    86
    860
    861
    862
    863
    864
    865
    866
    867
    868
    869
    87
    871
    872
    873
    874
    875
    876
    877
    878
    879
    88
    880
    881
    882
    883
    884
    885
    886
    887
    888
    889
    89
    890
    891
    892
    893
    894
    895
    896
    897
    898
    899
    9
    90
    900
    901
    903
    904
    905
    906
    907
    908
    909
    91
    910
    911
    912
    913
    914
    915
    916
    917
    918
    919
    92
    920
    921
    922
    923
    924
    925
    926
    927
    928
    929
    93
    930
    931
    932
    933
    934
    935
    936
    937
    939
    94
    940
    941
    942
    943
    944
    945
    946
    947
    948
    949
    95
    950
    951
    952
    953
    954
    955
    956
    957
    958
    959
    96
    960
    961
    962
    963
    964
    965
    966
    967
    968
    969
    97
    970
    971
    972
    973
    974
    975
    976
    977
    978
    979
    98
    980
    981
    982
    983
    984
    985
    986
    987
    988
    989
    99
    990
    991
    993
    994
    995
    996
    997
    998
    999
------

