---------------------------
---------------------------
JURISDICTION_FIPS CHECK
---------------------------
---------------------------

------------
CHARACTER CHECK

------
UNRECOGNIZED CHARACTERS
    No Problems Found :) 
------

------------


------------
SIMILARITY CHECK

------
CONTAINS/IS SIMILAR TO EMPTY: 
    No Problems Found :) 
------

------
CONTAINS/IS SIMILAR TO EXACT EMPTY: 
    No Problems Found :) 
------

------------


---------
------
ALL VALUES:
    0900104720
    0900108070
    0900108980
    0900118500
    0900118850
    0900123890
    0900126620
    0900133620
    0900148620
    0900150580
    0900150860
    0900152980
    0900156060
    0900163480
    0900163970
    0900168170
    0900168310
    0900173070
    0900174190
    0900177200
    0900183430
    0900183500
    0900186370
    0900302060
    0900304300
    0900305910
    0900308490
    0900310100
    0900312270
    0900322070
    0900322630
    0900324800
    0900325990
    0900327600
    0900331240
    0900332640
    0900337070
    0900337140
    0900344700
    0900345820
    0900350440
    0900352140
    0900360120
    0900365370
    0900368940
    0900370550
    0900371390
    0900374540
    0900382590
    0900384900
    0900387000
    0900387070
    0900502760
    0900504930
    0900508210
    0900510940
    0900516050
    0900517240
    0900532290
    0900537280
    0900540290
    0900543370
    0900549460
    0900551350
    0900552630
    0900553470
    0900554030
    0900560750
    0900565930
    0900566420
    0900567960
    0900575730
    0900576570
    0900579510
    0900579720
    0900580490
    0900586440
    0900587910
    0900714300
    0900715350
    0900718080
    0900719130
    0900720810
    0900722280
    0900722490
    0900726270
    0900735230
    0900740710
    0900747080
    0900747360
    0900757320
    0900761800
    0900781680
    0900901220
    0900903250
    0900904580
    0900907310
    0900914160
    0900919550
    0900922910
    0900934950
    0900935650
    0900944560
    0900946520
    0900946940
    0900947535
    0900949950
    0900952070
    0900953890
    0900954870
    0900957600
    0900958300
    0900962290
    0900967610
    0900969640
    0900978740
    0900980070
    0900982870
    0900987560
    0900987700
    0901106820
    0901115910
    0901123400
    0901129910
    0901133900
    0901134250
    0901142390
    0901142600
    0901143230
    0901144210
    0901148900
    0901152350
    0901155500
    0901156270
    0901157040
    0901162150
    0901166210
    0901171670
    0901173770
    0901178600
    0901180280
    0901301080
    0901306260
    0901316400
    0901317800
    0901325360
    0901337910
    0901344910
    0901369220
    0901372090
    0901376290
    0901377830
    0901378250
    0901385950
    0901501430
    0901509190
    0901512130
    0901513810
    0901521860
    0901536000
    0901540500
    0901559980
    0901561030
    0901562710
    0901567400
    0901573420
    0901575870
    0901586790
    0901588190
------

