---------------------------
---------------------------
VOTES CHECK
---------------------------
---------------------------

------------
CHARACTER CHECK

------
UNRECOGNIZED CHARACTERS
    No Problems Found :) 
------

------
UNRECOGNIZED NEGATIVE SIGNS
    No Problems Found :) 
------

------
UNRECOGNIZED LEADING ZEROS
    No Problems Found :) 
------

------
(POSSIBLY) INVALID NEGATIVE VALUES
    No Problems Found :) 
------

------------


------------
SIMILARITY CHECK

------
CONTAINS/IS SIMILAR TO EMPTY: 
    No Problems Found :) 
------

------
CONTAINS/IS SIMILAR TO EXACT EMPTY: 
    No Problems Found :) 
------

------------


---------
------
ALL VALUES:
    0
    1
    10
    100
    1000
    1001
    1002
    1003
    1004
    1005
    1006
    1007
    1008
    1009
    101
    1010
    1011
    1012
    1013
    1014
    1015
    1016
    1017
    1018
    1019
    102
    1020
    1021
    1022
    1023
    1024
    1025
    1026
    1027
    1028
    1029
    103
    1030
    1031
    1032
    1033
    1034
    1035
    1036
    1037
    1038
    1039
    104
    1040
    1041
    1042
    1043
    1044
    1045
    1046
    1047
    1048
    1049
    105
    1050
    1051
    1052
    1053
    1054
    1055
    1056
    1057
    1058
    1059
    106
    1060
    1061
    1063
    1064
    1065
    1066
    1067
    1069
    107
    1070
    1071
    1072
    1073
    1074
    1075
    1076
    1077
    1078
    108
    1080
    1081
    1082
    1083
    1084
    1085
    1086
    1087
    1088
    1089
    109
    1090
    1091
    1092
    1093
    1094
    1095
    1096
    1097
    1098
    1099
    11
    110
    1100
    1101
    1102
    1103
    1104
    1105
    1106
    1108
    1109
    111
    1110
    1111
    1112
    1113
    1114
    1115
    1116
    1117
    1118
    1119
    112
    1120
    1121
    1122
    1123
    1124
    1125
    1127
    1128
    1129
    113
    1130
    1131
    1132
    1133
    1134
    1135
    1136
    1137
    1138
    1139
    114
    1140
    1141
    1142
    1143
    1144
    1145
    1146
    1148
    1149
    115
    1150
    1151
    1152
    1153
    1155
    1156
    1157
    1158
    1159
    116
    1160
    1162
    1163
    1164
    1165
    1166
    1167
    1168
    1169
    117
    1170
    1171
    1172
    1173
    1174
    1175
    1176
    1177
    1178
    1179
    118
    1180
    1181
    1182
    1183
    1184
    1185
    1186
    1187
    1188
    1189
    119
    1190
    1191
    1192
    1193
    1194
    1195
    1196
    1198
    1199
    12
    120
    1200
    1201
    1202
    1204
    1205
    1206
    1207
    1208
    121
    1210
    1211
    1212
    1213
    1214
    1215
    1216
    1217
    1218
    1219
    122
    1220
    1221
    1222
    1223
    1224
    1225
    1227
    1228
    1229
    123
    1230
    1231
    1232
    1233
    1234
    1235
    1236
    1237
    1238
    1239
    124
    1240
    1241
    1242
    1243
    1244
    1245
    1246
    1247
    1248
    125
    1250
    1251
    1252
    1253
    1254
    1256
    1257
    1258
    1259
    126
    1260
    1261
    1262
    1263
    1264
    1265
    1266
    1267
    1268
    1269
    127
    1270
    1271
    1272
    1273
    1274
    1276
    1277
    1278
    128
    1280
    1281
    1283
    1284
    1286
    1287
    1288
    129
    1290
    1291
    1293
    1294
    1295
    1296
    1297
    1298
    1299
    13
    130
    1300
    1301
    1302
    1304
    1305
    1306
    1307
    1308
    1309
    131
    1310
    1312
    1313
    1314
    1316
    1317
    1318
    132
    1320
    1323
    1324
    1325
    1326
    1327
    1328
    1329
    133
    1332
    1333
    1336
    1339
    134
    1343
    1346
    1348
    1349
    135
    1350
    1351
    1353
    1355
    1356
    1357
    136
    1360
    1361
    1363
    1364
    1365
    1366
    1367
    1368
    137
    1370
    1372
    1374
    1375
    1376
    1377
    1379
    138
    1380
    1381
    1384
    1385
    1386
    1387
    1389
    139
    1390
    1391
    1392
    1393
    1395
    14
    140
    1400
    1401
    1402
    1403
    1404
    1407
    1409
    141
    1411
    1412
    1413
    1414
    1416
    142
    1422
    1425
    1426
    1427
    1428
    143
    1432
    1433
    1434
    1437
    144
    1442
    1443
    1444
    1445
    1446
    1447
    1449
    145
    1450
    1452
    1454
    1456
    1458
    1459
    146
    1462
    1463
    1467
    147
    1470
    1471
    1473
    1474
    1475
    148
    1480
    1482
    1483
    1485
    1487
    1488
    149
    1490
    1491
    1492
    1494
    1495
    1496
    1498
    15
    150
    1500
    1501
    1502
    1506
    151
    1513
    1516
    1517
    1518
    1519
    152
    1524
    1525
    1526
    1528
    1529
    153
    1530
    1532
    1534
    1535
    1539
    154
    1540
    1541
    1542
    1543
    1545
    155
    1550
    1554
    156
    1563
    1567
    1568
    157
    1570
    1579
    158
    1584
    159
    1590
    1591
    1592
    1598
    16
    160
    1600
    1601
    1603
    161
    1613
    1616
    162
    1623
    1625
    1626
    163
    1632
    1637
    164
    1641
    1642
    1644
    1648
    165
    1652
    1656
    166
    1660
    167
    1671
    1677
    168
    1680
    1684
    1687
    1689
    169
    1699
    17
    170
    1700
    1704
    1706
    171
    1713
    1715
    1716
    172
    1720
    1721
    1723
    1724
    1728
    1729
    173
    1730
    1737
    1738
    174
    1740
    1741
    1745
    175
    1751
    1752
    1754
    1756
    176
    1761
    1762
    1766
    1768
    1769
    177
    1770
    1771
    1778
    178
    179
    1791
    1792
    1793
    1797
    1798
    18
    180
    1807
    181
    1810
    1812
    1814
    182
    183
    1832
    184
    1840
    1848
    185
    1851
    1854
    186
    1868
    187
    1879
    188
    189
    1892
    1898
    1899
    19
    190
    1905
    191
    1915
    1916
    192
    193
    194
    195
    1953
    196
    1961
    1966
    197
    198
    1982
    1986
    199
    2
    20
    200
    201
    202
    203
    2032
    204
    2042
    205
    2056
    206
    207
    2077
    208
    2086
    2087
    209
    21
    210
    211
    2111
    212
    213
    214
    2145
    2149
    215
    2154
    2156
    216
    2162
    2167
    217
    2176
    2179
    218
    2187
    219
    22
    220
    2200
    2203
    221
    222
    2223
    223
    2231
    224
    225
    226
    227
    228
    229
    23
    230
    231
    2311
    232
    233
    234
    235
    236
    237
    238
    239
    24
    240
    241
    242
    243
    244
    2443
    245
    246
    2468
    247
    2477
    248
    249
    25
    250
    2509
    251
    252
    253
    254
    255
    256
    257
    2579
    258
    259
    26
    260
    2609
    261
    262
    2622
    2629
    263
    2633
    264
    265
    266
    2661
    267
    268
    269
    27
    270
    271
    272
    273
    274
    275
    276
    277
    278
    2785
    279
    2792
    28
    280
    281
    282
    283
    284
    2848
    285
    2854
    286
    287
    288
    289
    29
    290
    291
    292
    293
    294
    295
    296
    297
    298
    299
    3
    30
    300
    301
    302
    303
    304
    305
    306
    307
    308
    309
    31
    310
    311
    312
    313
    314
    315
    316
    317
    318
    319
    32
    320
    321
    322
    323
    324
    325
    326
    327
    328
    329
    33
    330
    331
    332
    333
    334
    335
    336
    337
    338
    339
    34
    340
    341
    342
    343
    344
    345
    346
    347
    348
    349
    35
    350
    351
    352
    353
    354
    355
    356
    357
    358
    359
    36
    360
    361
    362
    363
    364
    365
    366
    367
    368
    369
    37
    370
    371
    372
    373
    374
    375
    376
    377
    378
    379
    38
    380
    381
    382
    383
    384
    385
    386
    387
    388
    389
    39
    390
    391
    392
    393
    394
    395
    396
    397
    398
    399
    4
    40
    400
    401
    402
    403
    404
    405
    406
    407
    408
    409
    41
    410
    411
    412
    413
    414
    415
    416
    417
    418
    419
    42
    420
    421
    422
    423
    424
    425
    426
    427
    428
    429
    43
    430
    431
    432
    433
    434
    435
    436
    437
    438
    439
    44
    440
    441
    442
    443
    444
    445
    446
    447
    448
    449
    45
    450
    451
    452
    453
    454
    455
    456
    457
    458
    459
    46
    460
    461
    462
    463
    464
    465
    466
    467
    468
    469
    47
    470
    471
    472
    473
    474
    475
    476
    477
    478
    479
    48
    480
    481
    482
    483
    484
    485
    486
    487
    488
    489
    49
    490
    491
    492
    493
    494
    495
    496
    497
    498
    499
    5
    50
    500
    501
    502
    503
    504
    505
    506
    507
    508
    509
    51
    510
    511
    512
    513
    514
    515
    516
    517
    518
    519
    52
    520
    521
    522
    523
    524
    525
    526
    527
    528
    529
    53
    530
    531
    532
    533
    534
    535
    536
    537
    538
    539
    54
    540
    541
    542
    543
    544
    545
    546
    547
    548
    549
    55
    550
    551
    552
    553
    554
    555
    556
    557
    558
    559
    56
    560
    561
    562
    563
    564
    565
    566
    567
    568
    569
    57
    570
    571
    572
    573
    574
    575
    576
    577
    578
    579
    58
    580
    581
    582
    583
    584
    585
    586
    587
    588
    589
    59
    590
    591
    592
    593
    594
    595
    596
    597
    598
    599
    6
    60
    600
    601
    602
    603
    604
    605
    606
    607
    608
    609
    61
    610
    611
    612
    613
    614
    615
    616
    617
    618
    619
    62
    620
    621
    622
    623
    624
    625
    626
    627
    628
    629
    63
    630
    631
    632
    633
    634
    635
    636
    637
    638
    639
    64
    640
    641
    642
    643
    644
    645
    646
    647
    648
    649
    65
    650
    651
    652
    653
    654
    655
    656
    657
    658
    659
    66
    660
    661
    662
    663
    664
    665
    666
    667
    668
    669
    67
    670
    671
    672
    673
    674
    675
    676
    677
    678
    679
    68
    680
    681
    682
    683
    684
    685
    686
    687
    688
    689
    69
    690
    691
    692
    693
    694
    695
    696
    697
    698
    699
    7
    70
    700
    701
    702
    703
    704
    705
    706
    707
    708
    709
    71
    710
    711
    712
    713
    714
    715
    716
    717
    718
    719
    72
    720
    721
    722
    723
    724
    725
    726
    727
    728
    729
    73
    730
    731
    732
    733
    734
    735
    736
    737
    738
    739
    74
    740
    741
    742
    743
    744
    745
    746
    747
    748
    749
    75
    750
    751
    752
    753
    754
    755
    756
    757
    758
    759
    76
    760
    761
    762
    763
    764
    765
    766
    767
    768
    769
    77
    770
    771
    772
    773
    774
    775
    776
    777
    778
    779
    78
    780
    781
    782
    783
    784
    785
    786
    787
    788
    789
    79
    790
    791
    792
    793
    794
    795
    796
    797
    798
    799
    8
    80
    800
    801
    802
    803
    804
    805
    806
    807
    808
    809
    81
    810
    811
    812
    813
    814
    815
    816
    817
    818
    819
    82
    820
    821
    822
    823
    824
    825
    826
    827
    828
    829
    83
    830
    831
    832
    833
    834
    835
    836
    837
    838
    839
    84
    840
    841
    842
    843
    844
    845
    846
    847
    848
    849
    85
    850
    851
    852
    853
    854
    855
    856
    857
    858
    859
    86
    860
    861
    862
    863
    864
    865
    866
    867
    868
    869
    87
    870
    871
    872
    873
    874
    875
    876
    877
    878
    879
    88
    880
    881
    882
    883
    884
    885
    886
    887
    888
    889
    89
    890
    891
    892
    893
    894
    895
    896
    897
    898
    899
    9
    90
    900
    901
    902
    903
    904
    905
    906
    907
    908
    909
    91
    910
    911
    912
    913
    914
    915
    916
    917
    918
    919
    92
    920
    921
    922
    923
    924
    925
    926
    927
    928
    929
    93
    930
    931
    932
    933
    934
    935
    936
    937
    938
    939
    94
    940
    941
    942
    943
    944
    945
    946
    947
    948
    949
    95
    950
    951
    952
    953
    954
    955
    956
    957
    958
    959
    96
    960
    961
    962
    963
    964
    966
    967
    968
    969
    97
    970
    971
    972
    973
    974
    975
    976
    977
    978
    979
    98
    980
    981
    982
    983
    984
    985
    986
    987
    988
    989
    99
    990
    991
    992
    993
    994
    995
    996
    997
    998
    999
------

