---------------------------
---------------------------
VOTES CHECK
---------------------------
---------------------------

------------
CHARACTER CHECK

------
UNRECOGNIZED CHARACTERS
    No Problems Found :) 
------

------
UNRECOGNIZED NEGATIVE SIGNS
    No Problems Found :) 
------

------
UNRECOGNIZED LEADING ZEROS
    No Problems Found :) 
------

------
(POSSIBLY) INVALID NEGATIVE VALUES
    No Problems Found :) 
------

------------


------------
SIMILARITY CHECK

------
CONTAINS/IS SIMILAR TO EMPTY: 
    No Problems Found :) 
------

------
CONTAINS/IS SIMILAR TO EXACT EMPTY: 
    No Problems Found :) 
------

------------


---------
------
ALL VALUES:
    0
    1
    10
    100
    1005
    1008
    101
    1010
    1012
    1013
    1015
    102
    1021
    10263
    10277
    103
    1034
    10353
    104
    105
    1059
    106
    107
    1072
    108
    10832
    109
    11
    110
    1101
    111
    112
    113
    1135
    114
    11438
    115
    1157
    116
    117
    1177
    118
    119
    12
    120
    121
    122
    123
    12362
    124
    12430
    125
    12508
    126
    12629
    127
    128
    129
    13
    130
    131
    1313
    132
    132718
    133
    134
    13446
    135
    13539
    136
    137
    13778
    138
    138314
    1386
    139
    14
    140
    141
    142
    1426
    143
    144
    145
    146
    147
    1474
    1478
    148
    149
    1491
    1496
    15
    150
    151
    15139
    15154
    152
    153
    153146
    154
    15454
    15482
    155
    156
    157
    15729
    158
    159
    16
    160
    161
    162
    16286
    163
    164
    165
    166
    167
    168
    169
    17
    170
    171
    172
    173
    174
    17423
    175
    176
    177
    178
    17825
    179
    18
    180
    181
    182
    182780
    183
    18330
    184
    185
    186
    187
    188
    189
    19
    190
    191
    192
    192804
    193
    194
    1945
    195
    196
    197
    1978
    198
    199
    2
    20
    200
    201
    202
    203
    2036
    204
    205
    206
    207
    208
    209
    21
    210
    211
    212
    213
    214
    215
    215642
    216
    217
    218
    219
    22
    220
    221
    222
    223
    224
    22491
    225
    22506
    226
    227
    228
    229
    23
    230
    231
    23102
    231765
    232
    233
    234
    235
    236
    237
    238
    239
    23924
    24
    240
    241
    242
    2424
    243
    24305
    244
    245
    246
    247
    248
    249
    25
    250
    251
    252
    252193
    2523
    253
    254
    255
    256
    257
    258
    25821
    259
    26
    260
    261
    261343
    262
    263
    263581
    264
    265
    266
    267
    268
    269
    27
    270
    271
    271832
    272
    273
    273370
    274
    275
    27513
    275810
    276
    277
    278
    27870
    279
    28
    280
    281
    282
    283
    284
    285
    285635
    286
    286357
    287
    288
    289
    29
    290
    291
    29191
    292
    293
    294
    29487
    295
    29581
    296
    297
    298
    299
    299989
    3
    30
    300
    301
    302
    303
    303196
    304
    305
    305553
    306
    307
    30723
    3073
    308
    309
    31
    310
    311
    312
    313
    314
    314226
    315
    316
    317
    318
    319
    32
    320
    32043
    321
    321418
    322
    323
    32366
    324
    325
    32509
    326
    327
    328
    329
    329084
    33
    330
    331
    332
    333
    334
    335
    336
    337
    3370
    338
    339
    34
    340
    341
    342
    343
    344
    344616
    345
    346
    347
    348
    349
    35
    350
    35085
    351
    35174
    352
    352286
    353
    354
    355
    35528
    356
    357
    35735
    358
    359
    36
    360
    361
    362
    363
    36370
    364
    365
    366
    367
    368
    36856
    369
    37
    370
    371
    372
    373
    37303
    374
    37474
    375
    376
    3764
    377
    3775
    378
    37808
    379
    38
    380
    381
    38152
    382
    383
    38347
    384
    385
    386
    38648
    387
    388
    38898
    389
    39
    390
    39039
    3908
    391
    392
    393
    394
    395
    396
    39645
    397
    398
    399
    4
    40
    400
    401
    402
    403
    404
    405
    406
    407
    408
    409
    4096
    40966
    41
    410
    411
    412
    4123
    413
    414
    415
    416
    417
    418
    419
    42
    420
    420319
    421
    422
    423
    424
    425
    426
    427
    428
    429
    43
    430
    431
    432
    433
    43389
    434
    435
    436
    43664
    437
    438
    439
    44
    440
    441
    442
    443
    44393
    444
    445
    446
    446879
    447
    448
    449
    44964
    45
    450
    451
    452
    453
    454
    455
    456
    457
    458
    459
    45999
    46
    460
    461
    462
    463
    464
    46438
    465
    4656
    466
    467
    468
    469
    47
    470
    471
    472
    473
    47344
    47392
    474
    475
    476
    477
    478
    479
    48
    480
    481
    482
    483
    484
    485
    486
    487
    488
    489
    49
    490
    491
    492
    493
    494
    495
    49577
    496
    497
    498
    4987
    499
    49990
    5
    50
    500
    501
    502
    503
    504
    505
    506
    507
    508
    50823
    509
    50982
    5099
    51
    510
    511
    512
    513
    514
    515
    516
    517
    518
    519
    51903
    52
    520
    521
    522
    523
    524
    525
    526
    527
    528
    529
    53
    530
    531
    532
    533
    534
    535
    5350
    536
    537
    538
    539
    54
    540
    541
    542
    543
    544
    545
    546
    547
    548
    549
    55
    550
    551
    552
    553
    554
    555
    556
    557
    5579
    558
    559
    56
    560
    561
    562
    563
    564
    565
    566
    567
    568
    569
    57
    570
    571
    572
    573
    574
    575
    576
    577
    578
    579
    58
    580
    581
    582
    583
    58368
    584
    585
    586
    587
    588
    589
    59
    590
    591
    5917
    592
    593
    594
    595
    596
    597
    598
    599
    6
    60
    600
    601
    602
    603
    604
    605
    606
    607
    608
    609
    61
    610
    611
    6115
    612
    613
    614
    615
    616
    617
    617164
    618
    619
    62
    620
    621
    622
    623
    624
    625
    625058
    626
    627
    628
    629
    63
    630
    63074
    631
    632
    633
    634
    635
    636
    637
    638
    639
    64
    640
    640376
    641
    642
    643
    644
    645
    646
    647
    648
    649
    65
    650
    651
    652
    653
    65363
    654
    655
    65596
    656
    657
    658
    658950
    659
    66
    660
    661
    662
    66220
    663
    664
    664295
    6644
    665
    666
    667
    668
    669
    67
    670
    671
    672
    673
    674
    675
    676
    677
    678
    679
    68
    680
    681
    682
    683
    684
    685
    686
    687
    688
    689
    69
    690
    691
    692
    693
    69340
    694
    695
    696
    697
    698
    699
    7
    70
    700
    701
    702
    70218
    703
    704
    705
    706
    707
    708
    709
    70952
    71
    710
    711
    7119
    712
    713
    714
    715
    716
    717
    718
    719
    72
    720
    721
    722
    723
    724
    724336
    725
    726
    727
    72727
    728
    728029
    729
    73
    730
    730900
    731
    732
    733
    734
    735
    736
    737
    737384
    738
    739
    74
    740
    741
    742
    743
    744
    744979
    745
    746
    747
    748
    749
    75
    750
    751
    752
    753
    754
    755
    756
    757
    758
    759
    76
    760
    761
    762
    7621
    763
    764
    765
    766
    767
    768
    769
    77
    770
    771
    772
    773
    773243
    774
    775
    776
    77616
    776835
    777
    778
    779
    78
    780
    781
    782
    783
    784
    785
    786
    787
    788
    788503
    789
    79
    790
    791
    792
    792063
    793
    794
    795
    796
    796545
    797
    797248
    798
    798894
    799
    8
    80
    800
    801
    802
    803
    804
    805
    806
    807
    808
    809
    81
    810
    811
    812
    813
    814
    815
    816
    81617
    816733
    817
    818
    819
    82
    820
    821
    822
    82201
    823
    823265
    824
    825
    826
    827
    828
    828204
    829
    8294
    83
    830
    831
    832
    8323
    832606
    833
    834
    835
    836
    837
    838
    839
    84
    840
    841
    842
    843
    844
    845
    846
    847
    848
    849
    85
    850
    851
    8518
    852
    853
    854
    855
    856
    857
    858
    859
    86
    860
    861
    862
    863
    864
    865
    866
    867
    868
    869
    87
    870
    871
    872
    873
    874
    875
    876
    877
    878
    879
    88
    880
    881
    882
    883
    884
    886
    887
    888
    889
    89
    890
    891
    892
    893
    894
    895
    896
    897
    898
    899
    8991
    9
    90
    900
    901
    902
    903
    904
    905
    906
    90601
    907
    908
    909
    91
    910
    911
    912
    913
    914
    915
    917
    918
    9181
    919
    92
    920
    921
    922
    923
    924
    926
    927
    928
    93
    930
    931
    932
    933
    934
    937
    938
    939
    94
    940
    941
    942
    943
    946
    948
    95
    950
    956
    957
    958
    959
    96
    962
    964
    965
    967
    968
    97
    970
    971
    976
    977
    978
    98
    981
    983
    989
    99
    99256
    994
    996
------

