---------------------------
---------------------------
VOTES CHECK
---------------------------
---------------------------

------------
CHARACTER CHECK

------
UNRECOGNIZED CHARACTERS
    KSA 25-2701(a)(2)
------

------
UNRECOGNIZED NEGATIVE SIGNS
    KSA 25-2701(a)(2)
------

------
UNRECOGNIZED LEADING ZEROS
    No Problems Found :) 
------

------
(POSSIBLY) INVALID NEGATIVE VALUES
    No Problems Found :) 
------

------------


------------
SIMILARITY CHECK

------
CONTAINS/IS SIMILAR TO EMPTY: 
    No Problems Found :) 
------

------
CONTAINS/IS SIMILAR TO EXACT EMPTY: 
    No Problems Found :) 
------

------------


---------
------
ALL VALUES:
    0
    1
    10
    100
    1000
    1001
    1002
    1003
    1004
    1005
    1006
    1007
    1008
    1009
    101
    1011
    1012
    1013
    1014
    1015
    1016
    1017
    1018
    1019
    102
    1020
    1021
    1022
    1023
    1024
    1025
    1026
    1027
    1028
    1029
    103
    1030
    1031
    1032
    1033
    1034
    1035
    1036
    1037
    1038
    1039
    104
    1040
    1041
    1042
    1043
    1044
    1045
    1046
    1047
    1048
    1049
    105
    1050
    1051
    1052
    1053
    1054
    1055
    1056
    1057
    1058
    1059
    106
    1060
    1061
    1062
    1063
    1064
    1065
    1066
    1067
    1068
    1069
    107
    1070
    1071
    1072
    1073
    1075
    1076
    1077
    1078
    1079
    108
    1080
    1081
    1082
    1083
    1084
    1085
    1086
    1087
    1088
    1089
    109
    1090
    1091
    1092
    1093
    1094
    1095
    1098
    1099
    11
    110
    1100
    1102
    1103
    1104
    1105
    1106
    1107
    1108
    1109
    111
    1110
    1111
    1112
    1113
    1114
    1115
    1116
    1117
    1118
    1119
    112
    1120
    1121
    1123
    1124
    1126
    1127
    1128
    1129
    113
    1130
    1131
    1132
    1133
    1134
    1135
    1136
    1137
    1138
    1139
    114
    1141
    1142
    1143
    1144
    1145
    1146
    1147
    1148
    1149
    115
    1150
    1151
    1152
    1153
    1154
    1155
    1156
    1158
    1159
    116
    1160
    1161
    1162
    1163
    1164
    1165
    1166
    1167
    1168
    1169
    117
    1171
    1172
    1173
    1175
    1176
    1177
    1178
    1179
    118
    1180
    1181
    1182
    1183
    1184
    1185
    1186
    1187
    119
    1190
    1191
    1192
    1193
    1195
    1196
    1197
    1198
    12
    120
    1201
    1202
    1203
    1204
    1209
    121
    1212
    1213
    1216
    1217
    122
    1220
    1222
    1224
    1228
    123
    1230
    1231
    1232
    1234
    1235
    1237
    1238
    124
    1240
    1242
    1243
    1244
    1246
    1247
    125
    1251
    1252
    1253
    126
    1261
    1264
    1266
    1267
    1268
    1269
    127
    1270
    1272
    1273
    1274
    1275
    1277
    1278
    1279
    128
    1280
    1281
    1282
    1284
    1285
    1286
    1288
    1289
    129
    1290
    1291
    1292
    1293
    1295
    1296
    1297
    1298
    13
    130
    1300
    1301
    1303
    1304
    1305
    1308
    131
    1311
    1314
    1315
    1316
    1318
    1319
    132
    1320
    1321
    1322
    1324
    1326
    1329
    133
    1330
    1331
    1334
    1335
    1336
    1339
    134
    1341
    1343
    1344
    1345
    1346
    1347
    1348
    135
    1350
    1352
    1353
    1354
    1355
    1356
    1357
    1358
    1359
    136
    1360
    1361
    1362
    1363
    1365
    137
    1371
    1372
    1373
    1374
    1375
    1376
    1379
    138
    1380
    1382
    1384
    139
    1390
    1391
    1393
    1398
    1399
    14
    140
    1402
    1403
    1404
    1405
    1406
    1409
    141
    1412
    1415
    1417
    1418
    1419
    142
    1420
    1421
    1423
    1425
    143
    1430
    1432
    1433
    1434
    144
    1441
    1442
    1443
    1444
    1445
    1448
    145
    1450
    1456
    146
    1463
    1466
    147
    1471
    1475
    148
    1480
    1483
    1484
    1485
    149
    1492
    15
    150
    1502
    1508
    151
    1514
    1516
    1517
    152
    1528
    153
    1531
    1539
    154
    155
    156
    1560
    1561
    1569
    157
    158
    1583
    159
    16
    160
    1602
    161
    1611
    1612
    1619
    162
    163
    1632
    1637
    164
    1641
    1644
    1645
    1647
    1648
    165
    1655
    1657
    166
    1660
    1665
    167
    1677
    168
    1682
    1686
    1688
    169
    1693
    1694
    1699
    17
    170
    171
    172
    1728
    173
    1733
    1734
    174
    1742
    175
    1750
    1756
    176
    1760
    177
    1771
    178
    179
    18
    180
    181
    182
    1828
    183
    184
    1848
    185
    186
    187
    188
    189
    19
    190
    191
    1919
    192
    1924
    1927
    193
    1933
    1939
    194
    1946
    195
    1958
    196
    1968
    1969
    197
    1970
    1972
    1974
    1975
    1978
    1979
    198
    1989
    199
    1990
    1998
    2
    20
    200
    2002
    2005
    2006
    201
    2012
    202
    2025
    203
    2035
    204
    2048
    205
    2051
    206
    207
    208
    209
    21
    210
    211
    212
    213
    214
    215
    216
    217
    218
    219
    22
    220
    221
    222
    2220
    223
    224
    225
    226
    227
    2271
    228
    229
    23
    230
    231
    232
    233
    234
    235
    236
    237
    238
    239
    24
    240
    241
    242
    243
    2431
    244
    2440
    245
    246
    247
    2472
    248
    249
    25
    250
    251
    252
    253
    254
    2545
    255
    256
    257
    258
    259
    26
    260
    261
    262
    263
    264
    265
    266
    267
    268
    269
    27
    270
    271
    272
    273
    274
    275
    276
    277
    278
    279
    28
    280
    281
    282
    283
    284
    285
    286
    287
    288
    289
    29
    290
    291
    292
    293
    294
    295
    296
    297
    298
    299
    3
    30
    300
    301
    302
    303
    304
    3040
    305
    306
    3062
    307
    3073
    308
    309
    31
    310
    311
    312
    313
    314
    315
    316
    317
    318
    319
    32
    320
    321
    322
    323
    324
    325
    326
    327
    328
    329
    33
    330
    331
    332
    333
    334
    335
    336
    337
    338
    339
    34
    340
    341
    342
    343
    344
    345
    346
    347
    348
    349
    35
    350
    351
    352
    353
    354
    355
    356
    357
    358
    359
    36
    360
    361
    362
    363
    364
    365
    366
    367
    368
    369
    37
    370
    371
    372
    373
    374
    375
    376
    377
    378
    379
    38
    380
    381
    382
    383
    384
    385
    386
    387
    388
    389
    39
    390
    391
    392
    393
    394
    395
    396
    397
    398
    399
    4
    40
    400
    401
    402
    403
    404
    405
    406
    407
    408
    409
    41
    410
    411
    412
    413
    414
    415
    416
    417
    418
    419
    42
    420
    421
    422
    423
    424
    425
    426
    427
    428
    429
    43
    430
    431
    432
    433
    434
    435
    436
    437
    438
    439
    44
    440
    441
    442
    443
    444
    445
    446
    447
    448
    449
    45
    450
    451
    452
    453
    454
    455
    456
    457
    458
    459
    46
    460
    461
    462
    463
    464
    465
    466
    467
    468
    469
    47
    470
    471
    472
    473
    474
    475
    476
    477
    478
    479
    48
    480
    481
    482
    483
    484
    485
    486
    487
    488
    489
    49
    490
    491
    492
    493
    494
    495
    496
    497
    498
    499
    5
    50
    500
    501
    502
    503
    504
    505
    506
    507
    508
    509
    51
    510
    511
    512
    513
    514
    515
    516
    517
    518
    519
    52
    520
    521
    522
    523
    524
    525
    526
    527
    528
    529
    53
    530
    531
    532
    533
    534
    535
    536
    537
    538
    539
    54
    540
    541
    542
    543
    544
    545
    546
    547
    548
    549
    55
    550
    551
    552
    553
    554
    555
    556
    557
    558
    559
    56
    560
    561
    562
    563
    564
    565
    566
    567
    568
    569
    57
    570
    571
    572
    573
    574
    575
    576
    577
    578
    579
    58
    580
    581
    582
    583
    584
    585
    586
    587
    588
    589
    59
    590
    591
    592
    593
    594
    595
    596
    597
    598
    599
    6
    60
    600
    601
    602
    603
    604
    605
    606
    607
    608
    609
    61
    610
    611
    612
    613
    614
    615
    616
    617
    618
    619
    62
    620
    621
    622
    623
    624
    625
    626
    627
    628
    629
    63
    630
    631
    632
    633
    634
    635
    636
    637
    638
    639
    64
    640
    641
    642
    643
    644
    645
    646
    647
    648
    649
    65
    650
    651
    652
    653
    654
    655
    656
    657
    658
    659
    66
    660
    661
    662
    663
    664
    665
    666
    667
    668
    669
    67
    670
    671
    672
    673
    674
    675
    676
    677
    678
    679
    68
    680
    681
    682
    683
    684
    685
    686
    687
    688
    689
    69
    690
    691
    692
    693
    694
    695
    696
    697
    698
    699
    7
    70
    700
    701
    702
    703
    704
    705
    706
    707
    708
    709
    71
    710
    711
    712
    713
    714
    715
    716
    717
    718
    719
    72
    720
    721
    722
    723
    724
    725
    726
    727
    728
    729
    73
    730
    731
    732
    733
    734
    735
    736
    737
    738
    739
    74
    740
    741
    742
    743
    744
    745
    746
    747
    748
    749
    75
    750
    751
    752
    753
    754
    755
    756
    757
    758
    759
    76
    760
    761
    762
    763
    764
    765
    766
    767
    768
    769
    77
    770
    771
    772
    773
    774
    775
    776
    777
    778
    779
    78
    780
    781
    782
    783
    784
    785
    786
    787
    788
    789
    79
    790
    791
    792
    793
    794
    795
    796
    797
    798
    799
    8
    80
    800
    801
    802
    803
    804
    805
    806
    807
    808
    809
    81
    810
    811
    812
    813
    814
    815
    816
    817
    818
    819
    82
    820
    821
    822
    823
    824
    825
    826
    827
    828
    829
    83
    830
    831
    832
    833
    834
    835
    836
    837
    838
    839
    84
    840
    841
    842
    843
    844
    845
    846
    847
    848
    849
    85
    850
    851
    852
    853
    854
    855
    856
    857
    858
    859
    86
    860
    861
    862
    863
    864
    865
    866
    867
    868
    869
    87
    870
    871
    872
    873
    874
    875
    876
    877
    878
    879
    88
    880
    881
    882
    883
    884
    885
    886
    887
    888
    889
    89
    890
    891
    892
    893
    894
    895
    896
    897
    898
    899
    9
    90
    900
    901
    902
    903
    904
    905
    906
    907
    908
    909
    91
    910
    911
    912
    913
    914
    915
    916
    917
    918
    919
    92
    920
    921
    922
    923
    924
    925
    926
    927
    928
    929
    93
    930
    931
    932
    933
    934
    935
    936
    937
    938
    939
    94
    940
    941
    942
    943
    944
    945
    946
    947
    948
    949
    95
    950
    951
    952
    953
    954
    955
    956
    957
    958
    959
    96
    960
    961
    962
    963
    964
    965
    966
    967
    969
    97
    970
    971
    972
    973
    974
    975
    976
    977
    978
    979
    98
    980
    981
    982
    983
    984
    985
    986
    987
    988
    989
    99
    990
    991
    992
    993
    994
    995
    996
    997
    998
    999
    KSA 25-2701(a)(2)
------

