UNIQUE VALUES — votes
============================================================
-77
0
1
2
3
4
5
6
7
8
9
10
11
12
13
14
15
16
17
18
19
20
21
22
23
24
25
26
27
28
29
30
31
32
33
34
35
36
37
38
39
40
41
42
43
44
45
46
47
48
49
50
51
52
53
54
55
56
57
58
59
60
61
62
63
64
65
66
67
68
69
70
71
72
73
74
75
76
77
78
79
80
81
82
83
84
85
86
87
88
89
90
91
92
93
94
95
96
97
98
99
100
101
102
103
104
105
106
107
108
109
110
111
112
113
114
115
116
117
118
119
120
121
122
123
124
125
126
127
128
129
130
131
132
133
134
135
136
137
138
139
140
141
142
143
144
145
146
147
148
149
150
151
152
153
154
155
156
157
158
159
160
161
162
163
164
165
166
167
168
169
170
171
172
173
174
175
176
177
178
179
180
181
182
183
184
185
186
187
188
189
190
191
192
193
194
195
196
197
198
199
200
201
202
203
204
205
206
207
208
209
210
211
212
213
214
215
216
217
218
219
220
221
222
223
224
225
226
227
228
229
230
231
232
233
234
235
236
237
238
239
240
241
242
243
244
245
246
247
248
249
250
251
252
253
254
255
256
257
258
259
260
261
262
263
264
265
266
267
268
269
270
271
272
273
274
275
276
277
278
279
280
281
282
283
284
285
286
287
288
289
290
291
292
293
294
295
296
297
298
299
300
301
302
303
304
305
306
307
308
309
310
311
312
313
314
315
316
317
318
319
320
321
322
323
324
325
326
327
328
329
330
331
332
333
334
335
336
337
338
339
340
341
342
343
344
345
346
347
348
349
350
351
352
353
354
355
356
357
358
359
360
361
362
363
364
365
366
367
368
369
370
371
372
373
374
375
376
377
378
379
380
381
382
383
384
385
386
387
388
389
390
391
392
393
394
395
396
397
398
399
400
401
402
403
404
405
406
407
408
409
410
411
412
413
414
415
416
417
418
419
420
421
422
423
424
425
426
427
428
429
430
431
432
433
434
435
436
437
438
439
440
441
442
443
444
445
446
447
448
449
450
451
452
453
454
455
456
457
458
459
460
461
462
463
464
465
466
467
468
469
470
471
472
473
474
475
476
477
478
479
480
481
482
483
484
485
486
487
488
489
490
491
492
493
494
495
496
497
498
499
500
501
502
503
504
505
506
507
508
509
510
511
512
513
514
515
516
517
518
519
520
521
522
523
524
525
526
527
528
529
530
531
532
533
534
535
536
537
538
539
540
541
542
543
544
545
546
547
548
549
550
551
552
553
554
555
556
557
558
559
560
561
562
563
564
565
566
567
568
569
570
571
572
573
574
575
576
577
578
579
580
581
582
583
584
585
586
587
588
589
590
591
592
593
594
595
596
597
598
599
600
601
602
603
604
605
606
607
608
609
610
611
612
613
614
615
616
617
618
619
620
621
622
623
624
625
626
627
628
629
630
631
632
633
634
635
636
637
638
639
640
641
642
643
644
645
646
647
648
649
650
651
652
653
654
655
656
657
658
659
660
661
662
663
664
665
666
667
668
669
670
671
672
673
674
675
676
677
678
679
680
681
682
683
684
685
686
687
688
689
690
691
692
693
694
695
696
697
698
699
700
701
702
703
704
705
706
707
708
709
710
711
712
713
714
715
716
717
718
719
720
721
722
723
724
725
726
727
728
729
730
731
732
733
734
735
736
737
738
739
740
741
742
743
744
745
746
747
748
749
750
751
752
753
754
755
756
757
758
759
760
761
762
763
764
765
766
767
768
769
770
771
772
773
774
775
777
778
779
780
781
782
783
784
785
786
787
788
789
790
791
792
793
794
795
796
797
798
799
800
801
802
803
804
805
806
807
808
809
810
811
812
813
814
815
816
817
818
819
820
821
822
823
824
825
826
827
828
829
830
831
832
833
834
835
837
838
839
840
841
842
843
844
845
846
847
848
849
850
851
852
853
854
855
856
858
859
860
861
862
863
864
865
866
867
868
869
870
871
872
873
874
875
876
877
878
879
880
881
882
883
884
885
886
887
888
889
890
891
892
893
895
896
897
898
899
900
901
902
903
904
905
906
907
908
909
910
911
912
913
914
915
916
917
918
919
920
921
922
923
924
925
926
927
928
929
930
931
932
933
934
935
936
937
938
939
940
941
942
943
944
945
946
947
948
949
950
951
952
953
954
955
956
957
958
959
960
961
962
963
964
965
966
967
969
970
971
972
973
974
975
976
977
978
979
980
981
982
983
984
985
986
987
988
989
990
992
993
994
995
996
997
998
999
1000
1001
1002
1003
1004
1005
1006
1007
1008
1009
1010
1011
1012
1013
1014
1015
1016
1017
1018
1019
1020
1021
1022
1023
1025
1026
1027
1028
1029
1030
1031
1032
1033
1034
1035
1037
1038
1039
1040
1041
1043
1044
1045
1046
1047
1049
1050
1052
1053
1054
1055
1056
1057
1058
1059
1060
1061
1062
1063
1064
1065
1066
1067
1068
1069
1070
1071
1072
1073
1074
1075
1076
1077
1079
1081
1082
1083
1084
1085
1086
1087
1088
1089
1090
1091
1092
1093
1094
1095
1096
1097
1098
1099
1100
1101
1102
1103
1104
1105
1106
1107
1108
1109
1110
1111
1112
1113
1114
1115
1116
1117
1118
1119
1120
1121
1122
1123
1124
1125
1126
1127
1128
1129
1130
1131
1132
1133
1134
1135
1136
1137
1138
1139
1140
1141
1142
1143
1144
1145
1146
1147
1148
1149
1150
1151
1152
1153
1154
1155
1156
1157
1158
1159
1160
1161
1162
1163
1164
1165
1166
1167
1168
1169
1170
1171
1172
1173
1174
1175
1176
1177
1178
1179
1180
1181
1182
1183
1184
1185
1186
1187
1188
1189
1190
1191
1192
1193
1194
1195
1196
1197
1198
1199
1200
1201
1202
1203
1204
1205
1206
1207
1208
1209
1210
1211
1212
1213
1214
1215
1216
1217
1218
1219
1220
1221
1222
1223
1224
1226
1227
1228
1229
1230
1231
1232
1233
1234
1235
1236
1237
1238
1240
1241
1242
1243
1244
1245
1246
1247
1249
1250
1251
1252
1253
1254
1255
1256
1257
1258
1259
1260
1261
1262
1263
1264
1265
1266
1267
1268
1269
1270
1271
1272
1273
1274
1275
1276
1277
1278
1279
1280
1281
1282
1283
1284
1285
1286
1287
1288
1289
1290
1291
1292
1293
1294
1295
1296
1298
1299
1301
1302
1303
1304
1305
1306
1307
1309
1310
1311
1312
1313
1314
1315
1316
1317
1318
1319
1320
1321
1322
1323
1324
1325
1326
1327
1328
1329
1330
1331
1332
1333
1334
1335
1336
1337
1338
1339
1340
1341
1342
1343
1344
1345
1346
1347
1348
1349
1350
1351
1352
1353
1354
1355
1356
1357
1358
1359
1360
1361
1362
1363
1364
1365
1366
1367
1368
1369
1370
1371
1372
1373
1374
1375
1379
1380
1381
1382
1383
1384
1385
1386
1387
1388
1389
1390
1391
1392
1393
1394
1395
1396
1397
1398
1400
1401
1402
1403
1404
1405
1407
1408
1409
1410
1411
1412
1413
1414
1416
1417
1418
1419
1420
1421
1422
1423
1424
1425
1426
1427
1429
1431
1432
1433
1435
1436
1437
1438
1440
1441
1442
1443
1444
1445
1446
1447
1449
1450
1451
1452
1453
1454
1458
1459
1460
1461
1462
1463
1464
1465
1466
1467
1468
1469
1470
1471
1472
1473
1474
1475
1476
1477
1478
1479
1480
1481
1482
1484
1485
1486
1487
1488
1489
1490
1491
1492
1493
1494
1495
1496
1497
1498
1499
1500
1501
1502
1503
1504
1505
1506
1507
1508
1509
1511
1512
1513
1514
1515
1516
1517
1518
1519
1520
1521
1522
1523
1524
1525
1526
1527
1528
1529
1531
1532
1533
1534
1535
1536
1537
1538
1539
1541
1542
1544
1545
1546
1547
1548
1549
1550
1551
1553
1554
1555
1556
1557
1558
1559
1560
1561
1562
1563
1564
1565
1566
1567
1568
1569
1570
1571
1572
1573
1575
1576
1578
1579
1580
1582
1583
1584
1585
1586
1587
1588
1589
1590
1591
1592
1593
1594
1595
1596
1597
1598
1599
1600
1601
1602
1603
1604
1605
1606
1607
1609
1610
1611
1612
1613
1614
1615
1616
1617
1618
1619
1620
1621
1622
1624
1625
1626
1627
1628
1629
1631
1632
1634
1635
1636
1637
1638
1639
1640
1641
1643
1644
1646
1648
1649
1650
1651
1652
1655
1656
1657
1658
1660
1661
1662
1663
1664
1665
1666
1667
1668
1669
1670
1672
1673
1674
1675
1677
1678
1679
1680
1681
1683
1684
1685
1686
1687
1688
1689
1690
1691
1692
1693
1694
1696
1697
1698
1699
1701
1703
1704
1705
1707
1708
1709
1710
1711
1712
1714
1715
1716
1717
1718
1719
1720
1721
1722
1724
1725
1726
1727
1728
1729
1730
1731
1732
1733
1734
1735
1737
1738
1739
1740
1741
1742
1743
1744
1745
1747
1748
1749
1750
1753
1756
1757
1759
1760
1761
1762
1763
1764
1765
1766
1767
1768
1769
1771
1772
1773
1774
1775
1776
1777
1778
1779
1780
1781
1782
1783
1784
1785
1786
1787
1788
1790
1791
1792
1793
1794
1795
1796
1797
1798
1799
1800
1801
1802
1803
1804
1805
1806
1808
1809
1811
1813
1814
1815
1816
1817
1819
1820
1821
1822
1823
1824
1825
1826
1827
1828
1829
1830
1831
1832
1833
1834
1835
1836
1839
1840
1841
1842
1843
1844
1845
1846
1847
1849
1850
1852
1853
1854
1855
1856
1857
1858
1859
1860
1861
1862
1863
1864
1865
1866
1867
1868
1870
1871
1873
1874
1875
1876
1877
1878
1879
1880
1881
1882
1883
1886
1887
1888
1889
1890
1891
1892
1893
1894
1895
1896
1897
1898
1899
1901
1902
1903
1904
1905
1906
1907
1908
1909
1910
1911
1912
1913
1914
1915
1916
1917
1918
1919
1920
1921
1922
1923
1924
1925
1926
1927
1928
1929
1930
1931
1932
1933
1934
1935
1936
1937
1938
1939
1940
1941
1942
1943
1945
1946
1947
1948
1949
1950
1951
1952
1953
1954
1955
1956
1957
1958
1959
1960
1961
1963
1964
1965
1966
1967
1968
1970
1971
1974
1975
1976
1977
1978
1979
1980
1982
1983
1984
1985
1986
1987
1988
1990
1991
1994
1996
1997
1998
1999
2000
2001
2002
2004
2005
2008
2009
2010
2011
2012
2013
2014
2015
2017
2019
2020
2023
2024
2025
2026
2028
2029
2030
2031
2032
2033
2034
2035
2036
2037
2038
2039
2041
2042
2043
2044
2045
2046
2047
2048
2049
2050
2051
2052
2053
2054
2055
2057
2058
2061
2062
2064
2065
2066
2067
2068
2069
2070
2072
2073
2074
2076
2077
2078
2079
2081
2082
2083
2084
2085
2089
2090
2091
2092
2093
2094
2095
2100
2101
2102
2103
2104
2105
2107
2108
2109
2111
2112
2113
2114
2115
2117
2119
2120
2122
2123
2124
2125
2127
2128
2130
2131
2133
2134
2135
2138
2139
2140
2141
2143
2144
2145
2146
2147
2149
2150
2151
2152
2154
2155
2156
2157
2158
2159
2160
2161
2163
2165
2166
2167
2168
2169
2170
2171
2173
2174
2175
2177
2178
2179
2180
2181
2182
2183
2184
2185
2186
2187
2188
2189
2190
2191
2193
2194
2195
2196
2197
2198
2199
2200
2201
2202
2203
2205
2206
2207
2208
2209
2210
2211
2212
2213
2214
2215
2216
2217
2220
2221
2222
2224
2225
2226
2227
2231
2232
2233
2234
2235
2236
2237
2239
2240
2241
2242
2243
2244
2246
2247
2248
2249
2250
2251
2254
2255
2257
2259
2260
2261
2262
2264
2270
2273
2274
2277
2280
2287
2290
2291
2292
2295
2296
2298
2299
2301
2302
2303
2308
2310
2312
2313
2315
2318
2319
2322
2323
2324
2325
2326
2328
2329
2330
2332
2333
2335
2336
2337
2339
2340
2341
2342
2344
2345
2346
2347
2348
2350
2351
2352
2354
2355
2358
2359
2360
2362
2365
2368
2369
2370
2371
2372
2373
2374
2376
2381
2384
2385
2386
2387
2389
2390
2392
2393
2397
2399
2400
2401
2402
2403
2404
2405
2406
2408
2409
2411
2412
2413
2414
2416
2417
2419
2421
2423
2425
2427
2428
2429
2432
2433
2434
2438
2439
2440
2441
2442
2443
2444
2446
2447
2448
2449
2451
2452
2453
2454
2457
2459
2463
2466
2468
2469
2470
2473
2474
2476
2477
2478
2479
2481
2483
2484
2485
2486
2489
2490
2491
2492
2493
2494
2496
2497
2503
2505
2506
2507
2509
2510
2511
2512
2515
2518
2519
2520
2525
2526
2527
2529
2530
2532
2535
2537
2538
2539
2540
2541
2542
2546
2547
2549
2550
2552
2553
2555
2556
2557
2560
2562
2563
2564
2566
2567
2568
2569
2573
2574
2576
2579
2584
2586
2587
2588
2590
2591
2592
2593
2594
2595
2597
2598
2600
2603
2604
2605
2606
2607
2608
2610
2611
2613
2615
2616
2617
2618
2619
2621
2622
2626
2630
2631
2633
2634
2636
2637
2639
2640
2641
2642
2643
2644
2645
2646
2648
2649
2650
2651
2655
2656
2660
2661
2664
2665
2667
2668
2670
2671
2675
2680
2682
2684
2685
2686
2687
2689
2690
2691
2692
2693
2694
2695
2697
2701
2702
2704
2706
2709
2710
2712
2713
2716
2717
2718
2719
2722
2723
2724
2726
2727
2728
2730
2732
2733
2734
2735
2736
2737
2738
2739
2741
2743
2744
2745
2746
2748
2749
2750
2751
2753
2755
2756
2758
2759
2760
2761
2762
2763
2764
2765
2767
2771
2772
2773
2774
2775
2776
2783
2784
2785
2786
2787
2788
2789
2790
2792
2793
2795
2796
2798
2799
2803
2804
2805
2806
2807
2808
2809
2810
2812
2814
2815
2816
2818
2820
2824
2825
2826
2827
2828
2829
2831
2832
2835
2839
2840
2841
2845
2846
2847
2848
2849
2852
2853
2854
2856
2857
2860
2862
2863
2864
2865
2867
2869
2872
2873
2874
2875
2883
2884
2885
2886
2888
2892
2893
2894
2895
2898
2901
2903
2905
2906
2909
2911
2913
2915
2917
2919
2920
2921
2922
2924
2927
2929
2931
2935
2940
2941
2942
2943
2944
2946
2947
2949
2951
2952
2954
2955
2956
2958
2960
2962
2964
2965
2969
2971
2973
2974
2975
2977
2978
2984
2985
2992
2994
2997
2999
3002
3003
3004
3005
3007
3011
3013
3014
3016
3017
3021
3022
3027
3029
3030
3031
3033
3036
3039
3043
3046
3048
3049
3050
3051
3056
3057
3058
3059
3060
3062
3064
3065
3073
3084
3089
3090
3091
3092
3093
3098
3099
3100
3101
3102
3103
3106
3111
3113
3114
3115
3118
3125
3128
3129
3132
3135
3136
3137
3140
3142
3146
3150
3151
3155
3159
3160
3161
3164
3166
3167
3173
3178
3181
3184
3193
3194
3195
3201
3204
3206
3209
3216
3218
3220
3221
3230
3232
3233
3235
3238
3239
3240
3241
3252
3255
3262
3269
3276
3279
3284
3290
3291
3292
3297
3301
3302
3306
3307
3309
3311
3323
3324
3326
3332
3334
3338
3340
3347
3349
3355
3363
3364
3366
3372
3373
3377
3378
3385
3389
3396
3397
3398
3399
3400
3402
3403
3405
3407
3410
3416
3422
3423
3429
3434
3440
3442
3446
3447
3448
3451
3463
3464
3466
3467
3469
3473
3478
3481
3484
3497
3498
3500
3501
3504
3505
3509
3512
3522
3531
3543
3546
3548
3550
3556
3557
3561
3563
3567
3568
3571
3573
3574
3580
3583
3594
3608
3621
3627
3645
3646
3651
3654
3655
3660
3664
3668
3670
3673
3675
3679
3681
3684
3685
3688
3689
3692
3693
3696
3698
3701
3702
3703
3705
3706
3717
3730
3732
3744
3746
3750
3754
3757
3768
3770
3772
3774
3776
3784
3786
3787
3793
3796
3809
3817
3821
3822
3824
3830
3831
3843
3844
3851
3857
3860
3867
3868
3869
3871
3876
3889
3892
3895
3896
3899
3914
3919
3933
3943
3944
3953
3970
3979
3982
3987
4000
4025
4026
4032
4038
4039
4043
4050
4057
4064
4069
4074
4076
4087
4089
4090
4099
4103
4109
4111
4112
4117
4143
4147
4153
4165
4170
4174
4181
4184
4188
4209
4210
4211
4212
4219
4229
4231
4232
4236
4237
4239
4240
4247
4250
4252
4256
4260
4268
4269
4272
4283
4294
4297
4305
4308
4321
4323
4337
4342
4349
4351
4355
4373
4375
4385
4386
4390
4401
4405
4406
4412
4419
4434
4436
4453
4465
4475
4476
4480
4484
4501
4508
4513
4520
4521
4534
4553
4564
4566
4568
4570
4579
4582
4589
4593
4596
4603
4604
4616
4622
4635
4639
4642
4649
4651
4652
4668
4671
4674
4682
4684
4711
4723
4734
4737
4741
4747
4748
4763
4779
4801
4802
4803
4823
4830
4833
4834
4840
4841
4843
4850
4851
4854
4863
4864
4870
4876
4879
4886
4912
4914
4933
4955
4966
4969
4971
4976
4978
4979
5007
5012
5017
5027
5033
5034
5037
5041
5052
5053
5067
5076
5091
5114
5119
5135
5141
5142
5145
5157
5158
5166
5189
5200
5214
5216
5225
5227
5232
5236
5238
5240
5243
5245
5246
5250
5265
5272
5278
5305
5308
5315
5325
5334
5337
5339
5342
5344
5345
5360
5361
5363
5370
5376
5380
5382
5387
5405
5407
5408
5414
5416
5425
5426
5428
5430
5435
5445
5450
5457
5465
5466
5476
5481
5486
5492
5505
5510
5512
5519
5521
5532
5538
5539
5553
5554
5557
5558
5577
5580
5592
5596
5597
5611
5626
5643
5648
5663
5682
5709
5714
5717
5722
5748
5758
5772
5789
5794
5798
5815
5816
5824
5832
5840
5844
5858
5878
5881
5887
5891
5895
5901
5905
5908
5945
5948
5954
5955
5958
5968
5973
5976
5993
5994
6006
6026
6030
6047
6049
6068
6082
6089
6094
6096
6111
6117
6118
6124
6126
6169
6170
6173
6174
6181
6183
6191
6217
6245
6267
6289
6292
6295
6345
6349
6356
6368
6402
6410
6443
6447
6449
6454
6456
6465
6495
6532
6546
6573
6575
6594
6602
6676
6677
6686
6764
6769
6780
6782
6797
6833
6888
6894
6898
6915
6921
6925
6929
6955
6963
6976
6977
6996
6997
7002
7010
7051
7056
7065
7066
7070
7095
7167
7181
7234
7237
7240
7260
7273
7274
7295
7302
7379
7384
7393
7422
7426
7444
7453
7479
7485
7519
7530
7542
7555
7638
7642
7655
7678
7688
7691
7697
7706
7718
7774
7792
7797
7805
7831
7844
7851
7881
7889
7890
7895
7905
7909
7910
7917
7918
7931
7942
7945
7949
7962
7983
7986
7999
8016
8044
8045
8069
8090
8096
8097
8123
8198
8222
8228
8283
8394
8399
8400
8435
8461
8470
8481
8483
8486
8490
8491
8492
8494
8547
8555
8556
8571
8585
8646
8805
8822
8864
8886
8887
8890
8919
8943
8948
8956
8991
8995
9084
9120
9136
9221
9268
9301
9399
9406
9420
9534
9583
9590
9623
9640
9685
9723
9817
9867
9878
9989
10338
10392
10417
10511
10520
10616
10788
10943
11061
11192
11485
11542
11738
12392
12468
12692
12966
13087
13198
13299
14723
14769
15662
15685
16007
16050
16902
17768
18145
18713
22858
24794
24965
44697
66707
