---------------------------
---------------------------
VOTES CHECK
---------------------------
---------------------------

------------
CHARACTER CHECK

------
UNRECOGNIZED CHARACTERS
    No Problems Found :) 
------

------
UNRECOGNIZED NEGATIVE SIGNS
    No Problems Found :) 
------

------
UNRECOGNIZED LEADING ZEROS
    No Problems Found :) 
------

------
(POSSIBLY) INVALID NEGATIVE VALUES
    No Problems Found :) 
------

------------


------------
SIMILARITY CHECK

------
CONTAINS/IS SIMILAR TO EMPTY: 
    No Problems Found :) 
------

------
CONTAINS/IS SIMILAR TO EXACT EMPTY: 
    No Problems Found :) 
------

------------


---------
------
ALL VALUES:
    0
    1
    10
    100
    1001
    1003
    1004
    1006
    1007
    1008
    1009
    101
    1011
    1012
    1013
    1014
    1015
    1016
    1017
    1018
    102
    1022
    1025
    1026
    1027
    103
    1032
    1033
    1034
    1035
    1039
    104
    1040
    1041
    1042
    1043
    1044
    1048
    105
    1050
    1051
    1052
    1053
    1054
    1055
    1057
    1058
    1059
    106
    1061
    1063
    1064
    1065
    1066
    107
    1070
    1072
    1073
    1074
    1076
    1077
    1078
    1079
    108
    1081
    1083
    1085
    1086
    1087
    109
    1090
    1092
    1093
    1094
    1095
    1096
    1099
    11
    110
    1102
    1108
    1109
    111
    1110
    1111
    1112
    1114
    1115
    1117
    1118
    1119
    112
    1120
    1121
    1122
    1123
    1125
    1126
    1127
    1128
    1129
    113
    1131
    1133
    1137
    1138
    114
    1142
    1146
    1149
    115
    1154
    1155
    1156
    1157
    1158
    1159
    116
    1160
    1163
    1164
    1165
    1168
    1169
    117
    1170
    1173
    1175
    1176
    1177
    1179
    118
    1180
    1182
    1185
    1187
    1188
    1189
    119
    1190
    1191
    1192
    1195
    1196
    12
    120
    1202
    1203
    121
    1210
    1211
    1212
    1213
    1214
    1215
    122
    1223
    1224
    1225
    1227
    1228
    123
    1231
    1232
    1234
    1239
    124
    1240
    1244
    1245
    1247
    125
    1252
    1253
    126
    1261
    1262
    1269
    127
    1271
    1273
    1275
    1276
    128
    1282
    1283
    1284
    1287
    1289
    129
    1290
    1291
    1293
    1294
    1295
    1296
    1299
    13
    130
    1302
    1303
    1304
    1309
    131
    1312
    1315
    1316
    132
    133
    1330
    134
    1343
    1346
    1347
    1348
    135
    1356
    136
    1360
    1361
    1367
    1369
    137
    1372
    1373
    1374
    138
    1382
    1385
    139
    1390
    1393
    1395
    1398
    14
    140
    1403
    141
    1417
    1418
    142
    1426
    1427
    143
    1431
    1432
    1436
    1437
    144
    1441
    145
    146
    1463
    1466
    1469
    147
    1471
    1472
    1474
    1478
    148
    1488
    149
    1492
    15
    150
    151
    152
    1528
    153
    1532
    1533
    1534
    1536
    154
    1546
    155
    156
    1562
    157
    158
    159
    1592
    1593
    1596
    16
    160
    161
    1618
    162
    1628
    163
    1638
    164
    165
    166
    167
    168
    1680
    1683
    1687
    169
    1690
    17
    170
    171
    172
    1727
    1728
    1729
    173
    1733
    1736
    174
    175
    176
    1763
    1764
    1767
    177
    1773
    1777
    178
    1780
    179
    1796
    18
    180
    181
    1816
    182
    1822
    183
    1836
    1838
    184
    1841
    185
    1856
    186
    1860
    1864
    187
    1871
    1876
    188
    189
    1890
    19
    190
    191
    1912
    1913
    192
    193
    1930
    1933
    1935
    194
    1948
    195
    196
    1963
    197
    198
    199
    1996
    2
    20
    200
    2007
    201
    2016
    202
    203
    204
    205
    2054
    206
    2065
    207
    2077
    208
    209
    21
    210
    211
    2117
    2119
    212
    2127
    213
    214
    215
    216
    217
    2177
    218
    219
    2190
    22
    220
    2209
    221
    222
    2222
    2225
    223
    2236
    224
    225
    226
    227
    2276
    228
    229
    23
    230
    231
    232
    233
    234
    2341
    235
    236
    2360
    237
    238
    2383
    239
    24
    240
    241
    242
    243
    244
    2446
    245
    246
    247
    248
    249
    25
    250
    251
    252
    253
    254
    255
    256
    257
    258
    259
    26
    260
    261
    262
    263
    264
    265
    266
    267
    268
    269
    27
    270
    271
    272
    273
    274
    275
    276
    277
    278
    279
    28
    280
    281
    282
    283
    284
    285
    286
    287
    288
    289
    29
    290
    291
    292
    293
    294
    295
    296
    297
    298
    299
    3
    30
    300
    301
    302
    303
    304
    305
    306
    307
    308
    309
    31
    310
    311
    312
    313
    314
    315
    316
    317
    318
    319
    32
    320
    321
    322
    323
    324
    325
    326
    327
    328
    329
    33
    330
    331
    332
    333
    334
    335
    336
    337
    338
    339
    34
    340
    341
    342
    343
    344
    345
    346
    347
    348
    349
    35
    350
    351
    352
    353
    354
    355
    356
    357
    358
    359
    36
    360
    361
    362
    363
    364
    365
    366
    367
    368
    369
    37
    370
    371
    372
    373
    374
    375
    376
    377
    378
    379
    38
    380
    381
    382
    383
    384
    385
    386
    387
    388
    389
    39
    390
    391
    392
    393
    394
    395
    396
    397
    398
    399
    4
    40
    400
    401
    402
    403
    404
    405
    406
    407
    408
    409
    41
    410
    411
    412
    413
    414
    415
    416
    417
    418
    419
    42
    420
    421
    422
    423
    424
    425
    426
    427
    428
    429
    43
    430
    431
    432
    433
    434
    435
    436
    437
    438
    439
    44
    440
    441
    442
    443
    444
    445
    446
    447
    448
    449
    45
    450
    451
    452
    453
    454
    455
    456
    457
    458
    459
    46
    460
    461
    462
    463
    464
    465
    466
    467
    468
    469
    47
    470
    471
    472
    473
    474
    475
    476
    477
    478
    479
    48
    480
    481
    482
    483
    484
    485
    486
    487
    488
    489
    49
    490
    491
    492
    493
    494
    495
    496
    497
    498
    499
    5
    50
    500
    501
    502
    503
    504
    505
    506
    507
    508
    509
    51
    510
    511
    512
    513
    514
    515
    516
    517
    518
    519
    52
    520
    521
    522
    523
    524
    525
    526
    527
    528
    529
    53
    530
    531
    532
    533
    534
    535
    536
    537
    538
    539
    54
    540
    541
    542
    543
    544
    545
    546
    547
    548
    549
    55
    550
    551
    552
    553
    554
    555
    556
    557
    558
    559
    56
    560
    561
    562
    563
    564
    565
    566
    567
    568
    569
    57
    570
    571
    572
    573
    574
    575
    576
    577
    578
    579
    58
    580
    581
    582
    583
    584
    585
    586
    587
    588
    589
    59
    590
    591
    592
    593
    594
    595
    596
    597
    598
    599
    6
    60
    600
    601
    602
    603
    604
    605
    606
    607
    608
    609
    61
    610
    611
    612
    613
    614
    615
    616
    617
    618
    619
    62
    620
    621
    622
    623
    624
    625
    626
    627
    628
    629
    63
    630
    631
    632
    633
    634
    635
    636
    637
    638
    639
    64
    640
    642
    643
    644
    645
    646
    647
    648
    649
    65
    650
    651
    652
    653
    654
    655
    657
    658
    659
    66
    660
    661
    662
    663
    664
    665
    666
    667
    668
    669
    67
    670
    671
    672
    673
    674
    675
    676
    677
    678
    679
    68
    680
    681
    682
    683
    684
    685
    686
    687
    688
    689
    69
    690
    691
    692
    693
    694
    695
    696
    697
    698
    699
    7
    70
    700
    701
    702
    703
    704
    705
    707
    708
    709
    71
    710
    711
    712
    714
    715
    716
    717
    718
    719
    72
    720
    721
    722
    723
    724
    726
    727
    728
    729
    73
    730
    731
    732
    733
    734
    736
    737
    738
    739
    74
    741
    742
    743
    744
    745
    746
    749
    75
    750
    751
    752
    753
    754
    755
    756
    757
    758
    76
    760
    763
    764
    765
    766
    767
    768
    769
    77
    770
    771
    772
    773
    774
    775
    776
    778
    779
    78
    780
    781
    782
    783
    784
    785
    787
    788
    789
    79
    790
    791
    792
    793
    794
    795
    796
    799
    8
    80
    800
    801
    802
    803
    804
    807
    81
    811
    812
    814
    815
    816
    817
    818
    819
    82
    821
    822
    823
    824
    825
    826
    827
    828
    829
    83
    830
    831
    832
    833
    834
    835
    836
    837
    838
    84
    840
    841
    842
    843
    845
    846
    847
    848
    849
    85
    850
    851
    852
    853
    854
    855
    856
    857
    858
    859
    86
    860
    861
    862
    863
    866
    867
    868
    869
    87
    870
    871
    872
    873
    874
    875
    876
    88
    880
    881
    884
    885
    886
    887
    888
    889
    89
    890
    891
    894
    895
    897
    898
    9
    90
    901
    902
    903
    904
    905
    906
    907
    909
    91
    910
    911
    912
    913
    914
    915
    917
    918
    92
    920
    921
    923
    924
    925
    926
    927
    928
    93
    930
    931
    932
    933
    936
    937
    938
    94
    940
    943
    946
    947
    948
    949
    95
    950
    952
    953
    954
    956
    957
    959
    96
    960
    962
    963
    964
    965
    966
    967
    97
    972
    973
    974
    976
    977
    978
    979
    98
    980
    981
    982
    983
    986
    987
    988
    99
    992
    993
    994
    995
    997
    998
    999
------

