---------------------------
---------------------------
VOTES CHECK
---------------------------
---------------------------

------------
CHARACTER CHECK

------
UNRECOGNIZED CHARACTERS
    No Problems Found :) 
------

------
UNRECOGNIZED NEGATIVE SIGNS
    No Problems Found :) 
------

------
UNRECOGNIZED LEADING ZEROS
    No Problems Found :) 
------

------
(POSSIBLY) INVALID NEGATIVE VALUES
    No Problems Found :) 
------

------------


------------
SIMILARITY CHECK

------
CONTAINS/IS SIMILAR TO EMPTY: 
    No Problems Found :) 
------

------
CONTAINS/IS SIMILAR TO EXACT EMPTY: 
    No Problems Found :) 
------

------------


---------
------
ALL VALUES:
    0
    1
    10
    100
    1000
    1001
    1002
    1003
    1004
    1005
    1006
    1007
    1008
    1009
    101
    1010
    1011
    1012
    1013
    1014
    1015
    1016
    1017
    1018
    1019
    102
    1020
    1021
    1022
    1023
    1025
    1026
    1027
    1028
    1029
    103
    1030
    1031
    1032
    1033
    10338
    1034
    1035
    1037
    1038
    1039
    10392
    104
    1040
    1041
    10417
    1043
    1044
    1045
    1046
    1047
    1049
    105
    1050
    10511
    1052
    10520
    1053
    1054
    1055
    1056
    1057
    1058
    1059
    106
    1060
    1061
    10616
    1062
    1063
    1064
    1065
    1066
    1067
    1068
    1069
    107
    1070
    1071
    1072
    1073
    1074
    1075
    1076
    1077
    10788
    1079
    108
    1081
    1082
    1083
    1084
    1085
    1086
    1087
    1088
    1089
    109
    1090
    1091
    1092
    1093
    1094
    10943
    1095
    1096
    1097
    1098
    1099
    11
    110
    1100
    1101
    1102
    1103
    1104
    1105
    1106
    11061
    1107
    1108
    1109
    111
    1110
    1111
    1112
    1113
    1114
    1115
    1116
    1117
    1118
    1119
    11192
    112
    1120
    1121
    1122
    1123
    1124
    1125
    1126
    1127
    1128
    1129
    113
    1130
    1131
    1132
    1133
    1134
    1135
    1136
    1137
    1138
    1139
    114
    1140
    1141
    1142
    1143
    1144
    1145
    1146
    1147
    1148
    11485
    1149
    115
    1150
    1151
    1152
    1153
    1154
    11542
    1155
    1156
    1157
    1158
    1159
    116
    1160
    1161
    1162
    1163
    1164
    1165
    1166
    1167
    1168
    1169
    117
    1170
    1171
    1172
    1173
    11738
    1174
    1175
    1176
    1177
    1178
    1179
    118
    1180
    1181
    1182
    1183
    1184
    1185
    1186
    1187
    1188
    1189
    119
    1190
    1191
    1192
    1193
    1194
    1195
    1196
    1197
    1198
    1199
    12
    120
    1200
    1201
    1202
    1203
    1204
    1205
    1206
    1207
    1208
    1209
    121
    1210
    1211
    1212
    1213
    1214
    1215
    1216
    1217
    1218
    1219
    122
    1220
    1221
    1222
    1223
    1224
    1226
    1227
    1228
    1229
    123
    1230
    1231
    1232
    1233
    1234
    1235
    1236
    1237
    1238
    12392
    124
    1240
    1241
    1242
    1243
    1244
    1245
    1246
    12468
    1247
    1249
    125
    1250
    1251
    1252
    1253
    1254
    1255
    1256
    1257
    1258
    1259
    126
    1260
    1261
    1262
    1263
    1264
    1265
    1266
    1267
    1268
    1269
    12692
    127
    1270
    1271
    1272
    1273
    1274
    1275
    1276
    1277
    1278
    1279
    128
    1280
    1281
    1282
    1283
    1284
    1285
    1286
    1287
    1288
    1289
    129
    1290
    1291
    1292
    1293
    1294
    1295
    1296
    12966
    1298
    1299
    13
    130
    1301
    1302
    1303
    1304
    1305
    1306
    1307
    13087
    1309
    131
    1310
    1311
    1312
    1313
    1314
    1315
    1316
    1317
    1318
    1319
    13198
    132
    1320
    1321
    1322
    1323
    1324
    1325
    1326
    1327
    1328
    1329
    13299
    133
    1330
    1331
    1332
    1333
    1334
    1335
    1336
    1337
    1338
    1339
    134
    1340
    1341
    1342
    1343
    1344
    1345
    1346
    1347
    1348
    1349
    135
    1350
    1351
    1352
    1353
    1354
    1355
    1356
    1357
    1358
    1359
    136
    1360
    1361
    1362
    1363
    1364
    1365
    1366
    1367
    1368
    1369
    137
    1370
    1371
    1372
    1373
    1374
    1375
    1379
    138
    1380
    1381
    1382
    1383
    1384
    1385
    1386
    1387
    1388
    1389
    139
    1390
    1391
    1392
    1393
    1394
    1395
    1396
    1397
    1398
    14
    140
    1400
    1401
    1402
    1403
    1404
    1405
    1407
    1408
    1409
    141
    1410
    1411
    1412
    1413
    1414
    1416
    1417
    1418
    1419
    142
    1420
    1421
    1422
    1423
    1424
    1425
    1426
    1427
    1429
    143
    1431
    1432
    1433
    1435
    1436
    1437
    1438
    144
    1440
    1441
    1442
    1443
    1444
    1445
    1446
    1447
    1449
    145
    1450
    1451
    1452
    1453
    1454
    1458
    1459
    146
    1460
    1461
    1462
    1463
    1464
    1465
    1466
    1467
    1468
    1469
    147
    1470
    1471
    1472
    14723
    1473
    1474
    1475
    1476
    14769
    1477
    1478
    1479
    148
    1480
    1481
    1482
    1484
    1485
    1486
    1487
    1488
    1489
    149
    1490
    1491
    1492
    1493
    1494
    1495
    1496
    1497
    1498
    1499
    15
    150
    1500
    1501
    1502
    1503
    1504
    1505
    1506
    1507
    1508
    1509
    151
    1511
    1512
    1513
    1514
    1515
    1516
    1517
    1518
    1519
    152
    1520
    1521
    1522
    1523
    1524
    1525
    1526
    1527
    1528
    1529
    153
    1531
    1532
    1533
    1534
    1535
    1536
    1537
    1538
    1539
    154
    1541
    1542
    1544
    1545
    1546
    1547
    1548
    1549
    155
    1550
    1551
    1553
    1554
    1555
    1556
    1557
    1558
    1559
    156
    1560
    1561
    1562
    1563
    1564
    1565
    1566
    15662
    1567
    1568
    15685
    1569
    157
    1570
    1571
    1572
    1573
    1575
    1576
    1578
    1579
    158
    1580
    1582
    1583
    1584
    1585
    1586
    1587
    1588
    1589
    159
    1590
    1591
    1592
    1593
    1594
    1595
    1596
    1597
    1598
    1599
    16
    160
    1600
    16007
    1601
    1602
    1603
    1604
    1605
    16050
    1606
    1607
    1609
    161
    1610
    1611
    1612
    1613
    1614
    1615
    1616
    1617
    1618
    1619
    162
    1620
    1621
    1622
    1624
    1625
    1626
    1627
    1628
    1629
    163
    1631
    1632
    1634
    1635
    1636
    1637
    1638
    1639
    164
    1640
    1641
    1643
    1644
    1646
    1648
    1649
    165
    1650
    1651
    1652
    1655
    1656
    1657
    1658
    166
    1660
    1661
    1662
    1663
    1664
    1665
    1666
    1667
    1668
    1669
    167
    1670
    1672
    1673
    1674
    1675
    1677
    1678
    1679
    168
    1680
    1681
    1683
    1684
    1685
    1686
    1687
    1688
    1689
    169
    1690
    16902
    1691
    1692
    1693
    1694
    1696
    1697
    1698
    1699
    17
    170
    1701
    1703
    1704
    1705
    1707
    1708
    1709
    171
    1710
    1711
    1712
    1714
    1715
    1716
    1717
    1718
    1719
    172
    1720
    1721
    1722
    1724
    1725
    1726
    1727
    1728
    1729
    173
    1730
    1731
    1732
    1733
    1734
    1735
    1737
    1738
    1739
    174
    1740
    1741
    1742
    1743
    1744
    1745
    1747
    1748
    1749
    175
    1750
    1753
    1756
    1757
    1759
    176
    1760
    1761
    1762
    1763
    1764
    1765
    1766
    1767
    1768
    1769
    177
    1771
    1772
    1773
    1774
    1775
    1776
    17768
    1777
    1778
    1779
    178
    1780
    1781
    1782
    1783
    1784
    1785
    1786
    1787
    1788
    179
    1790
    1791
    1792
    1793
    1794
    1795
    1796
    1797
    1798
    1799
    18
    180
    1800
    1801
    1802
    1803
    1804
    1805
    1806
    1808
    1809
    181
    1811
    1813
    1814
    18145
    1815
    1816
    1817
    1819
    182
    1820
    1821
    1822
    1823
    1824
    1825
    1826
    1827
    1828
    1829
    183
    1830
    1831
    1832
    1833
    1834
    1835
    1836
    1839
    184
    1840
    1841
    1842
    1843
    1844
    1845
    1846
    1847
    1849
    185
    1850
    1852
    1853
    1854
    1855
    1856
    1857
    1858
    1859
    186
    1860
    1861
    1862
    1863
    1864
    1865
    1866
    1867
    1868
    187
    1870
    1871
    18713
    1873
    1874
    1875
    1876
    1877
    1878
    1879
    188
    1880
    1881
    1882
    1883
    1886
    1887
    1888
    1889
    189
    1890
    1891
    1892
    1893
    1894
    1895
    1896
    1897
    1898
    1899
    19
    190
    1901
    1902
    1903
    1904
    1905
    1906
    1907
    1908
    1909
    191
    1910
    1911
    1912
    1913
    1914
    1915
    1916
    1917
    1918
    1919
    192
    1920
    1921
    1922
    1923
    1924
    1925
    1926
    1927
    1928
    1929
    193
    1930
    1931
    1932
    1933
    1934
    1935
    1936
    1937
    1938
    1939
    194
    1940
    1941
    1942
    1943
    1945
    1946
    1947
    1948
    1949
    195
    1950
    1951
    1952
    1953
    1954
    1955
    1956
    1957
    1958
    1959
    196
    1960
    1961
    1963
    1964
    1965
    1966
    1967
    1968
    197
    1970
    1971
    1974
    1975
    1976
    1977
    1978
    1979
    198
    1980
    1982
    1983
    1984
    1985
    1986
    1987
    1988
    199
    1990
    1991
    1994
    1996
    1997
    1998
    1999
    2
    20
    200
    2000
    2001
    2002
    2004
    2005
    2008
    2009
    201
    2010
    2011
    2012
    2013
    2014
    2015
    2017
    2019
    202
    2020
    2023
    2024
    2025
    2026
    2028
    2029
    203
    2030
    2031
    2032
    2033
    2034
    2035
    2036
    2037
    2038
    2039
    204
    2041
    2042
    2043
    2044
    2045
    2046
    2047
    2048
    2049
    205
    2050
    2051
    2052
    2053
    2054
    2055
    2057
    2058
    206
    2061
    2062
    2064
    2065
    2066
    2067
    2068
    2069
    207
    2070
    2072
    2073
    2074
    2076
    2077
    2078
    2079
    208
    2081
    2082
    2083
    2084
    2085
    2089
    209
    2090
    2091
    2092
    2093
    2094
    2095
    21
    210
    2100
    2101
    2102
    2103
    2104
    2105
    2107
    2108
    2109
    211
    2111
    2112
    2113
    2114
    2115
    2117
    2119
    212
    2120
    2122
    2123
    2124
    2125
    2127
    2128
    213
    2130
    2131
    2133
    2134
    2135
    2138
    2139
    214
    2140
    2141
    2143
    2144
    2145
    2146
    2147
    2149
    215
    2150
    2151
    2152
    2154
    2155
    2156
    2157
    2158
    2159
    216
    2160
    2161
    2163
    2165
    2166
    2167
    2168
    2169
    217
    2170
    2171
    2173
    2174
    2175
    2177
    2178
    2179
    218
    2180
    2181
    2182
    2183
    2184
    2185
    2186
    2187
    2188
    2189
    219
    2190
    2191
    2193
    2194
    2195
    2196
    2197
    2198
    2199
    22
    220
    2200
    2201
    2202
    2203
    2205
    2206
    2207
    2208
    2209
    221
    2210
    2211
    2212
    2213
    2214
    2215
    2216
    2217
    222
    2220
    2221
    2222
    2224
    2225
    2226
    2227
    223
    2231
    2232
    2233
    2234
    2235
    2236
    2237
    2239
    224
    2240
    2241
    2242
    2243
    2244
    2246
    2247
    2248
    2249
    225
    2250
    2251
    2254
    2255
    2257
    2259
    226
    2260
    2261
    2262
    2264
    227
    2270
    2273
    2274
    2277
    228
    2280
    22858
    2287
    229
    2290
    2291
    2292
    2295
    2296
    2298
    2299
    23
    230
    2301
    2302
    2303
    2308
    231
    2310
    2312
    2313
    2315
    2318
    2319
    232
    2322
    2323
    2324
    2325
    2326
    2328
    2329
    233
    2330
    2332
    2333
    2335
    2336
    2337
    2339
    234
    2340
    2341
    2342
    2344
    2345
    2346
    2347
    2348
    235
    2350
    2351
    2352
    2354
    2355
    2358
    2359
    236
    2360
    2362
    2365
    2368
    2369
    237
    2370
    2371
    2372
    2373
    2374
    2376
    238
    2381
    2384
    2385
    2386
    2387
    2389
    239
    2390
    2392
    2393
    2397
    2399
    24
    240
    2400
    2401
    2402
    2403
    2404
    2405
    2406
    2408
    2409
    241
    2411
    2412
    2413
    2414
    2416
    2417
    2419
    242
    2421
    2423
    2425
    2427
    2428
    2429
    243
    2432
    2433
    2434
    2438
    2439
    244
    2440
    2441
    2442
    2443
    2444
    2446
    2447
    2448
    2449
    245
    2451
    2452
    2453
    2454
    2457
    2459
    246
    2463
    2466
    2468
    2469
    247
    2470
    2473
    2474
    2476
    2477
    2478
    2479
    24794
    248
    2481
    2483
    2484
    2485
    2486
    2489
    249
    2490
    2491
    2492
    2493
    2494
    2496
    24965
    2497
    25
    250
    2503
    2505
    2506
    2507
    2509
    251
    2510
    2511
    2512
    2515
    2518
    2519
    252
    2520
    2525
    2526
    2527
    2529
    253
    2530
    2532
    2535
    2537
    2538
    2539
    254
    2540
    2541
    2542
    2546
    2547
    2549
    255
    2550
    2552
    2553
    2555
    2556
    2557
    256
    2560
    2562
    2563
    2564
    2566
    2567
    2568
    2569
    257
    2573
    2574
    2576
    2579
    258
    2584
    2586
    2587
    2588
    259
    2590
    2591
    2592
    2593
    2594
    2595
    2597
    2598
    26
    260
    2600
    2603
    2604
    2605
    2606
    2607
    2608
    261
    2610
    2611
    2613
    2615
    2616
    2617
    2618
    2619
    262
    2621
    2622
    2626
    263
    2630
    2631
    2633
    2634
    2636
    2637
    2639
    264
    2640
    2641
    2642
    2643
    2644
    2645
    2646
    2648
    2649
    265
    2650
    2651
    2655
    2656
    266
    2660
    2661
    2664
    2665
    2667
    2668
    267
    2670
    2671
    2675
    268
    2680
    2682
    2684
    2685
    2686
    2687
    2689
    269
    2690
    2691
    2692
    2693
    2694
    2695
    2697
    27
    270
    2701
    2702
    2704
    2706
    2709
    271
    2710
    2712
    2713
    2716
    2717
    2718
    2719
    272
    2722
    2723
    2724
    2726
    2727
    2728
    273
    2730
    2732
    2733
    2734
    2735
    2736
    2737
    2738
    2739
    274
    2741
    2743
    2744
    2745
    2746
    2748
    2749
    275
    2750
    2751
    2753
    2755
    2756
    2758
    2759
    276
    2760
    2761
    2762
    2763
    2764
    2765
    2767
    277
    2771
    2772
    2773
    2774
    2775
    2776
    278
    2783
    2784
    2785
    2786
    2787
    2788
    2789
    279
    2790
    2792
    2793
    2795
    2796
    2798
    2799
    28
    280
    2803
    2804
    2805
    2806
    2807
    2808
    2809
    281
    2810
    2812
    2814
    2815
    2816
    2818
    282
    2820
    2824
    2825
    2826
    2827
    2828
    2829
    283
    2831
    2832
    2835
    2839
    284
    2840
    2841
    2845
    2846
    2847
    2848
    2849
    285
    2852
    2853
    2854
    2856
    2857
    286
    2860
    2862
    2863
    2864
    2865
    2867
    2869
    287
    2872
    2873
    2874
    2875
    288
    2883
    2884
    2885
    2886
    2888
    289
    2892
    2893
    2894
    2895
    2898
    29
    290
    2901
    2903
    2905
    2906
    2909
    291
    2911
    2913
    2915
    2917
    2919
    292
    2920
    2921
    2922
    2924
    2927
    2929
    293
    2931
    2935
    294
    2940
    2941
    2942
    2943
    2944
    2946
    2947
    2949
    295
    2951
    2952
    2954
    2955
    2956
    2958
    296
    2960
    2962
    2964
    2965
    2969
    297
    2971
    2973
    2974
    2975
    2977
    2978
    298
    2984
    2985
    299
    2992
    2994
    2997
    2999
    3
    30
    300
    3002
    3003
    3004
    3005
    3007
    301
    3011
    3013
    3014
    3016
    3017
    302
    3021
    3022
    3027
    3029
    303
    3030
    3031
    3033
    3036
    3039
    304
    3043
    3046
    3048
    3049
    305
    3050
    3051
    3056
    3057
    3058
    3059
    306
    3060
    3062
    3064
    3065
    307
    3073
    308
    3084
    3089
    309
    3090
    3091
    3092
    3093
    3098
    3099
    31
    310
    3100
    3101
    3102
    3103
    3106
    311
    3111
    3113
    3114
    3115
    3118
    312
    3125
    3128
    3129
    313
    3132
    3135
    3136
    3137
    314
    3140
    3142
    3146
    315
    3150
    3151
    3155
    3159
    316
    3160
    3161
    3164
    3166
    3167
    317
    3173
    3178
    318
    3181
    3184
    319
    3193
    3194
    3195
    32
    320
    3201
    3204
    3206
    3209
    321
    3216
    3218
    322
    3220
    3221
    323
    3230
    3232
    3233
    3235
    3238
    3239
    324
    3240
    3241
    325
    3252
    3255
    326
    3262
    3269
    327
    3276
    3279
    328
    3284
    329
    3290
    3291
    3292
    3297
    33
    330
    3301
    3302
    3306
    3307
    3309
    331
    3311
    332
    3323
    3324
    3326
    333
    3332
    3334
    3338
    334
    3340
    3347
    3349
    335
    3355
    336
    3363
    3364
    3366
    337
    3372
    3373
    3377
    3378
    338
    3385
    3389
    339
    3396
    3397
    3398
    3399
    34
    340
    3400
    3402
    3403
    3405
    3407
    341
    3410
    3416
    342
    3422
    3423
    3429
    343
    3434
    344
    3440
    3442
    3446
    3447
    3448
    345
    3451
    346
    3463
    3464
    3466
    3467
    3469
    347
    3473
    3478
    348
    3481
    3484
    349
    3497
    3498
    35
    350
    3500
    3501
    3504
    3505
    3509
    351
    3512
    352
    3522
    353
    3531
    354
    3543
    3546
    3548
    355
    3550
    3556
    3557
    356
    3561
    3563
    3567
    3568
    357
    3571
    3573
    3574
    358
    3580
    3583
    359
    3594
    36
    360
    3608
    361
    362
    3621
    3627
    363
    364
    3645
    3646
    365
    3651
    3654
    3655
    366
    3660
    3664
    3668
    367
    3670
    3673
    3675
    3679
    368
    3681
    3684
    3685
    3688
    3689
    369
    3692
    3693
    3696
    3698
    37
    370
    3701
    3702
    3703
    3705
    3706
    371
    3717
    372
    373
    3730
    3732
    374
    3744
    3746
    375
    3750
    3754
    3757
    376
    3768
    377
    3770
    3772
    3774
    3776
    378
    3784
    3786
    3787
    379
    3793
    3796
    38
    380
    3809
    381
    3817
    382
    3821
    3822
    3824
    383
    3830
    3831
    384
    3843
    3844
    385
    3851
    3857
    386
    3860
    3867
    3868
    3869
    387
    3871
    3876
    388
    3889
    389
    3892
    3895
    3896
    3899
    39
    390
    391
    3914
    3919
    392
    393
    3933
    394
    3943
    3944
    395
    3953
    396
    397
    3970
    3979
    398
    3982
    3987
    399
    4
    40
    400
    4000
    401
    402
    4025
    4026
    403
    4032
    4038
    4039
    404
    4043
    405
    4050
    4057
    406
    4064
    4069
    407
    4074
    4076
    408
    4087
    4089
    409
    4090
    4099
    41
    410
    4103
    4109
    411
    4111
    4112
    4117
    412
    413
    414
    4143
    4147
    415
    4153
    416
    4165
    417
    4170
    4174
    418
    4181
    4184
    4188
    419
    42
    420
    4209
    421
    4210
    4211
    4212
    4219
    422
    4229
    423
    4231
    4232
    4236
    4237
    4239
    424
    4240
    4247
    425
    4250
    4252
    4256
    426
    4260
    4268
    4269
    427
    4272
    428
    4283
    429
    4294
    4297
    43
    430
    4305
    4308
    431
    432
    4321
    4323
    433
    4337
    434
    4342
    4349
    435
    4351
    4355
    436
    437
    4373
    4375
    438
    4385
    4386
    439
    4390
    44
    440
    4401
    4405
    4406
    441
    4412
    4419
    442
    443
    4434
    4436
    444
    445
    4453
    446
    4465
    44697
    447
    4475
    4476
    448
    4480
    4484
    449
    45
    450
    4501
    4508
    451
    4513
    452
    4520
    4521
    453
    4534
    454
    455
    4553
    456
    4564
    4566
    4568
    457
    4570
    4579
    458
    4582
    4589
    459
    4593
    4596
    46
    460
    4603
    4604
    461
    4616
    462
    4622
    463
    4635
    4639
    464
    4642
    4649
    465
    4651
    4652
    466
    4668
    467
    4671
    4674
    468
    4682
    4684
    469
    47
    470
    471
    4711
    472
    4723
    473
    4734
    4737
    474
    4741
    4747
    4748
    475
    476
    4763
    477
    4779
    478
    479
    48
    480
    4801
    4802
    4803
    481
    482
    4823
    483
    4830
    4833
    4834
    484
    4840
    4841
    4843
    485
    4850
    4851
    4854
    486
    4863
    4864
    487
    4870
    4876
    4879
    488
    4886
    489
    49
    490
    491
    4912
    4914
    492
    493
    4933
    494
    495
    4955
    496
    4966
    4969
    497
    4971
    4976
    4978
    4979
    498
    499
    5
    50
    500
    5007
    501
    5012
    5017
    502
    5027
    503
    5033
    5034
    5037
    504
    5041
    505
    5052
    5053
    506
    5067
    507
    5076
    508
    509
    5091
    51
    510
    511
    5114
    5119
    512
    513
    5135
    514
    5141
    5142
    5145
    515
    5157
    5158
    516
    5166
    517
    518
    5189
    519
    52
    520
    5200
    521
    5214
    5216
    522
    5225
    5227
    523
    5232
    5236
    5238
    524
    5240
    5243
    5245
    5246
    525
    5250
    526
    5265
    527
    5272
    5278
    528
    529
    53
    530
    5305
    5308
    531
    5315
    532
    5325
    533
    5334
    5337
    5339
    534
    5342
    5344
    5345
    535
    536
    5360
    5361
    5363
    537
    5370
    5376
    538
    5380
    5382
    5387
    539
    54
    540
    5405
    5407
    5408
    541
    5414
    5416
    542
    5425
    5426
    5428
    543
    5430
    5435
    544
    5445
    545
    5450
    5457
    546
    5465
    5466
    547
    5476
    548
    5481
    5486
    549
    5492
    55
    550
    5505
    551
    5510
    5512
    5519
    552
    5521
    553
    5532
    5538
    5539
    554
    555
    5553
    5554
    5557
    5558
    556
    557
    5577
    558
    5580
    559
    5592
    5596
    5597
    56
    560
    561
    5611
    562
    5626
    563
    564
    5643
    5648
    565
    566
    5663
    567
    568
    5682
    569
    57
    570
    5709
    571
    5714
    5717
    572
    5722
    573
    574
    5748
    575
    5758
    576
    577
    5772
    578
    5789
    579
    5794
    5798
    58
    580
    581
    5815
    5816
    582
    5824
    583
    5832
    584
    5840
    5844
    585
    5858
    586
    587
    5878
    588
    5881
    5887
    589
    5891
    5895
    59
    590
    5901
    5905
    5908
    591
    592
    593
    594
    5945
    5948
    595
    5954
    5955
    5958
    596
    5968
    597
    5973
    5976
    598
    599
    5993
    5994
    6
    60
    600
    6006
    601
    602
    6026
    603
    6030
    604
    6047
    6049
    605
    606
    6068
    607
    608
    6082
    6089
    609
    6094
    6096
    61
    610
    611
    6111
    6117
    6118
    612
    6124
    6126
    613
    614
    615
    616
    6169
    617
    6170
    6173
    6174
    618
    6181
    6183
    619
    6191
    62
    620
    621
    6217
    622
    623
    624
    6245
    625
    626
    6267
    627
    628
    6289
    629
    6292
    6295
    63
    630
    631
    632
    633
    634
    6345
    6349
    635
    6356
    636
    6368
    637
    638
    639
    64
    640
    6402
    641
    6410
    642
    643
    644
    6443
    6447
    6449
    645
    6454
    6456
    646
    6465
    647
    648
    649
    6495
    65
    650
    651
    652
    653
    6532
    654
    6546
    655
    656
    657
    6573
    6575
    658
    659
    6594
    66
    660
    6602
    661
    662
    663
    664
    665
    666
    667
    66707
    6676
    6677
    668
    6686
    669
    67
    670
    671
    672
    673
    674
    675
    676
    6764
    6769
    677
    678
    6780
    6782
    679
    6797
    68
    680
    681
    682
    683
    6833
    684
    685
    686
    687
    688
    6888
    689
    6894
    6898
    69
    690
    691
    6915
    692
    6921
    6925
    6929
    693
    694
    695
    6955
    696
    6963
    697
    6976
    6977
    698
    699
    6996
    6997
    7
    70
    700
    7002
    701
    7010
    702
    703
    704
    705
    7051
    7056
    706
    7065
    7066
    707
    7070
    708
    709
    7095
    71
    710
    711
    712
    713
    714
    715
    716
    7167
    717
    718
    7181
    719
    72
    720
    721
    722
    723
    7234
    7237
    724
    7240
    725
    726
    7260
    727
    7273
    7274
    728
    729
    7295
    73
    730
    7302
    731
    732
    733
    734
    735
    736
    737
    7379
    738
    7384
    739
    7393
    74
    740
    741
    742
    7422
    7426
    743
    744
    7444
    745
    7453
    746
    747
    7479
    748
    7485
    749
    75
    750
    751
    7519
    752
    753
    7530
    754
    7542
    755
    7555
    756
    757
    758
    759
    76
    760
    761
    762
    763
    7638
    764
    7642
    765
    7655
    766
    767
    7678
    768
    7688
    769
    7691
    7697
    77
    770
    7706
    771
    7718
    772
    773
    774
    775
    777
    7774
    778
    779
    7792
    7797
    78
    780
    7805
    781
    782
    783
    7831
    784
    7844
    785
    7851
    786
    787
    788
    7881
    7889
    789
    7890
    7895
    79
    790
    7905
    7909
    791
    7910
    7917
    7918
    792
    793
    7931
    794
    7942
    7945
    7949
    795
    796
    7962
    797
    798
    7983
    7986
    799
    7999
    8
    80
    800
    801
    8016
    802
    803
    804
    8044
    8045
    805
    806
    8069
    807
    808
    809
    8090
    8096
    8097
    81
    810
    811
    812
    8123
    813
    814
    815
    816
    817
    818
    819
    8198
    82
    820
    821
    822
    8222
    8228
    823
    824
    825
    826
    827
    828
    8283
    829
    83
    830
    831
    832
    833
    834
    835
    837
    838
    839
    8394
    8399
    84
    840
    8400
    841
    842
    843
    8435
    844
    845
    846
    8461
    847
    8470
    848
    8481
    8483
    8486
    849
    8490
    8491
    8492
    8494
    85
    850
    851
    852
    853
    854
    8547
    855
    8555
    8556
    856
    8571
    858
    8585
    859
    86
    860
    861
    862
    863
    864
    8646
    865
    866
    867
    868
    869
    87
    870
    871
    872
    873
    874
    875
    876
    877
    878
    879
    88
    880
    8805
    881
    882
    8822
    883
    884
    885
    886
    8864
    887
    888
    8886
    8887
    889
    8890
    89
    890
    891
    8919
    892
    893
    8943
    8948
    895
    8956
    896
    897
    898
    899
    8991
    8995
    9
    90
    900
    901
    902
    903
    904
    905
    906
    907
    908
    9084
    909
    91
    910
    911
    912
    9120
    913
    9136
    914
    915
    916
    917
    918
    919
    92
    920
    921
    922
    9221
    923
    924
    925
    926
    9268
    927
    928
    929
    93
    930
    9301
    931
    932
    933
    934
    935
    936
    937
    938
    939
    9399
    94
    940
    9406
    941
    942
    9420
    943
    944
    945
    946
    947
    948
    949
    95
    950
    951
    952
    953
    9534
    954
    955
    956
    957
    958
    9583
    959
    9590
    96
    960
    961
    962
    9623
    963
    964
    9640
    965
    966
    967
    9685
    969
    97
    970
    971
    972
    9723
    973
    974
    975
    976
    977
    978
    979
    98
    980
    981
    9817
    982
    983
    984
    985
    986
    9867
    987
    9878
    988
    989
    99
    990
    992
    993
    994
    995
    996
    997
    998
    9989
    999
------

