---------------------------
---------------------------
JURISDICTION_FIPS CHECK
---------------------------
---------------------------

------------
CHARACTER CHECK

------
UNRECOGNIZED CHARACTERS
    No Problems Found :) 
------

------------


------------
SIMILARITY CHECK

------
CONTAINS/IS SIMILAR TO EMPTY: 
    No Problems Found :) 
------

------
CONTAINS/IS SIMILAR TO EXACT EMPTY: 
    No Problems Found :) 
------

------------


---------
------
ALL VALUES:
    3300101060
    3300103220
    3300104740
    3300110660
    3300128740
    3300128980
    3300140180
    3300147140
    3300151540
    3300167300
    3300177060
    3300300420
    3300303700
    3300307940
    3300311780
    3300314660
    3300323380
    3300323620
    3300327700
    3300332500
    3300334500
    3300338260
    3300345060
    3300349380
    3300358740
    3300367780
    3300376100
    3300377620
    3300378180
    3300386420
    3300500820
    3300512260
    3300519140
    3300526500
    3300529220
    3300534420
    3300536660
    3300538500
    3300539300
    3300545460
    3300545700
    3300550580
    3300564420
    3300564580
    3300565700
    3300573700
    3300574900
    3300575300
    3300575700
    3300577380
    3300578420
    3300582660
    3300585540
    3300702420
    3300704100
    3300704260
    3300705140
    3300708420
    3300710100
    3300711220
    3300713220
    3300713780
    3300713940
    3300716100
    3300716660
    3300716820
    3300718340
    3300718420
    3300719300
    3300725140
    3300725180
    3300730260
    3300731780
    3300732420
    3300738820
    3300739940
    3300740420
    3300743620
    3300746020
    3300747860
    3300748260
    3300756100
    3300757860
    3300761620
    3300761780
    3300763860
    3300767860
    3300768500
    3300768980
    3300773060
    3300773380
    3300774180
    3300774500
    3300776580
    3300780740
    3300784420
    3300900580
    3300902020
    3300903940
    3300905060
    3300905460
    3300907540
    3300907700
    3300908660
    3300908980
    3300918740
    3300922020
    3300923860
    3300924340
    3300927300
    3300930820
    3300932180
    3300933860
    3300934820
    3300935220
    3300936900
    3300940660
    3300941300
    3300941860
    3300942020
    3300942580
    3300942820
    3300944100
    3300944260
    3300948980
    3300958340
    3300958500
    3300961060
    3300962660
    3300965940
    3300974740
    3300976740
    3300978740
    3300979380
    3300980500
    3300987060
    3301101300
    3301101700
    3301104500
    3301104900
    3301108100
    3301117780
    3301127140
    3301129860
    3301131540
    3301131940
    3301133700
    3301136180
    3301137140
    3301137940
    3301142260
    3301144580
    3301145140
    3301146260
    3301147540
    3301148020
    3301149140
    3301150260
    3301150740
    3301151940
    3301159940
    3301160580
    3301168820
    3301176260
    3301179780
    3301185220
    3301185940
    3301300660
    3301301460
    3301306260
    3301306500
    3301306980
    3301309860
    3301312420
    3301314200
    3301316980
    3301319460
    3301324900
    3301327380
    3301335540
    3301335860
    3301337300
    3301337540
    3301343380
    3301350900
    3301352100
    3301354260
    3301360020
    3301361940
    3301366980
    3301375460
    3301378580
    3301380020
    3301384900
    3301502340
    3301502820
    3301507220
    3301509300
    3301512100
    3301517140
    3301517460
    3301517940
    3301521380
    3301524660
    3301525380
    3301527940
    3301531700
    3301532900
    3301533060
    3301533460
    3301539780
    3301540100
    3301543220
    3301550980
    3301551380
    3301551620
    3301552340
    3301552900
    3301554580
    3301556820
    3301557460
    3301562500
    3301562900
    3301564020
    3301566180
    3301566660
    3301567620
    3301568260
    3301571140
    3301574340
    3301585780
    3301703460
    3301718820
    3301719700
    3301726020
    3301741460
    3301744820
    3301747700
    3301748660
    3301751220
    3301765140
    3301765540
    3301769940
    3301773860
    3301900260
    3301911380
    3301912900
    3301915060
    3301916340
    3301930500
    3301931220
    3301940900
    3301941700
    3301952580
    3301962340
    3301972740
    3301975060
    3301977940
    3301978980
------

