---------------------------
---------------------------
VOTES CHECK
---------------------------
---------------------------

------------
CHARACTER CHECK

------
UNRECOGNIZED CHARACTERS
    No Problems Found :) 
------

------
UNRECOGNIZED NEGATIVE SIGNS
    No Problems Found :) 
------

------
UNRECOGNIZED LEADING ZEROS
    No Problems Found :) 
------

------
(POSSIBLY) INVALID NEGATIVE VALUES
    No Problems Found :) 
------

------------


------------
SIMILARITY CHECK

------
CONTAINS/IS SIMILAR TO EMPTY: 
    No Problems Found :) 
------

------
CONTAINS/IS SIMILAR TO EXACT EMPTY: 
    No Problems Found :) 
------

------------


---------
------
ALL VALUES:
    0
    1
    10
    100
    1000
    1001
    1002
    10021
    1003
    1004
    1005
    1006
    1007
    10071
    1008
    1009
    101
    1010
    1011
    1012
    1013
    1014
    1015
    1016
    1017
    1018
    1019
    102
    1020
    1021
    1022
    1023
    1024
    1025
    1026
    1027
    1028
    1029
    103
    1030
    1031
    1032
    1033
    1034
    1035
    1036
    1037
    1038
    1039
    104
    1040
    1041
    1042
    1043
    1044
    1045
    1046
    1047
    1048
    1049
    105
    1050
    1051
    1052
    1053
    1054
    1055
    1056
    1057
    1058
    1059
    106
    1060
    1061
    1062
    1063
    1064
    1065
    1066
    1067
    1068
    1069
    107
    1070
    1071
    1072
    1073
    1074
    1075
    1076
    1077
    1078
    1079
    108
    1080
    1081
    1082
    1083
    1084
    1085
    1086
    1087
    1088
    1089
    109
    1090
    1091
    1092
    1093
    1094
    1095
    1096
    1097
    1098
    1099
    11
    110
    1100
    1101
    1102
    11025
    1103
    1104
    1105
    1106
    1107
    1108
    1109
    111
    1110
    1111
    1112
    1113
    1114
    1115
    1116
    1117
    1118
    1119
    112
    1120
    1121
    1122
    1123
    1124
    1125
    1126
    1127
    1128
    1129
    113
    1130
    1131
    1132
    1133
    1134
    1135
    1136
    1137
    1138
    1139
    114
    1140
    1141
    1142
    1143
    1144
    1145
    1146
    1147
    1148
    11486
    1149
    115
    1150
    1151
    1152
    1153
    1154
    1155
    1156
    1157
    1158
    1159
    116
    1160
    1161
    1162
    1163
    1164
    1165
    1166
    1167
    1168
    1169
    117
    1170
    1171
    1172
    1173
    1174
    1175
    1176
    1177
    1178
    1179
    118
    1180
    1181
    1182
    1183
    1184
    1185
    1186
    1187
    1188
    1189
    119
    1190
    1191
    11912
    1192
    1193
    1194
    1195
    1196
    1197
    1198
    1199
    12
    120
    1200
    1201
    1202
    1203
    1204
    1205
    1206
    1207
    1208
    1209
    121
    1210
    1211
    1212
    1213
    1214
    1215
    1216
    1217
    1218
    1219
    122
    1220
    1221
    1222
    1223
    1224
    1225
    1226
    1227
    1228
    1229
    123
    1230
    1231
    1232
    1233
    1234
    1235
    1236
    1237
    1238
    1239
    124
    1240
    1241
    1242
    1243
    1244
    1245
    1246
    1247
    1248
    1249
    125
    1250
    1251
    1252
    1253
    1254
    1255
    1256
    1257
    1258
    1259
    126
    1260
    1261
    1262
    1263
    1264
    1265
    1266
    1267
    1268
    1269
    127
    1270
    1271
    1272
    1273
    1274
    1275
    1276
    1277
    1278
    1279
    128
    1280
    1281
    1282
    1283
    1284
    1285
    1286
    1287
    1288
    1289
    129
    1290
    1291
    1292
    1293
    1294
    1295
    1296
    1297
    1298
    1299
    13
    130
    1300
    1301
    1302
    1303
    1304
    1305
    1306
    1307
    1308
    1309
    131
    1310
    1311
    1312
    1313
    1314
    1315
    1316
    1317
    1318
    1319
    132
    1320
    1321
    1322
    1323
    1324
    1325
    1326
    1327
    1328
    1329
    133
    1330
    1331
    1332
    1333
    1334
    1335
    1336
    1337
    1338
    1339
    134
    1340
    1341
    1342
    1343
    1344
    1345
    1346
    1347
    1348
    1349
    135
    1350
    1351
    1352
    1353
    1354
    1355
    1356
    1357
    1358
    13587
    1359
    136
    1360
    1361
    1362
    1363
    1364
    1365
    1366
    1367
    1368
    1369
    137
    1370
    1371
    1372
    1373
    1374
    1375
    1376
    1377
    1378
    1379
    13796
    138
    1380
    1381
    1382
    1383
    1384
    1385
    1386
    1387
    1388
    1389
    139
    1390
    1391
    1392
    1393
    1394
    1395
    1396
    1397
    1398
    1399
    14
    140
    1400
    1401
    1402
    1403
    1404
    1405
    1406
    1407
    1408
    1409
    141
    1410
    1411
    1412
    1413
    1414
    1415
    1416
    1417
    1418
    1419
    142
    1420
    1421
    1422
    1423
    1424
    1425
    1426
    1427
    1428
    1429
    143
    1430
    1431
    1432
    1433
    1434
    1435
    1436
    1437
    1438
    1439
    144
    1440
    1441
    1442
    1443
    1444
    1445
    1446
    1447
    1448
    1449
    145
    1450
    1451
    1452
    1453
    1454
    1455
    1456
    1457
    1458
    1459
    146
    1460
    1461
    1462
    1463
    1464
    1465
    1466
    1467
    1468
    1469
    147
    1470
    1471
    1472
    1473
    1474
    1475
    1476
    1477
    1478
    1479
    148
    1480
    1481
    1482
    1483
    1484
    1485
    1486
    1487
    1488
    1489
    149
    1490
    1491
    1492
    1493
    1494
    1495
    1496
    1497
    1498
    1499
    15
    150
    1500
    1501
    1502
    1503
    1504
    1505
    1506
    1507
    1508
    1509
    151
    1510
    1511
    1512
    1513
    1514
    1515
    1516
    1517
    1518
    1519
    152
    1520
    1521
    1522
    1523
    1524
    1525
    1526
    1527
    1528
    1529
    153
    1530
    1531
    15310
    1532
    1533
    1534
    1535
    1536
    1537
    1538
    1539
    154
    1540
    1541
    1542
    1543
    1544
    1545
    1546
    1547
    1548
    1549
    155
    1550
    1551
    1552
    1553
    1554
    1555
    1556
    1557
    1558
    1559
    156
    1560
    1561
    1562
    1563
    1564
    1565
    1566
    1567
    1568
    1569
    157
    1570
    1571
    1572
    1573
    15730
    1574
    1575
    1576
    1577
    1578
    1579
    158
    1580
    1581
    1582
    1583
    1584
    1585
    1586
    1587
    1588
    1589
    159
    1590
    1591
    1592
    1593
    1594
    1595
    1596
    1597
    1598
    1599
    16
    160
    1600
    1601
    1602
    1603
    1604
    1605
    1606
    1607
    1608
    1609
    161
    1610
    1611
    1612
    1613
    1614
    1615
    1616
    1617
    1618
    1619
    162
    1620
    1621
    1622
    1623
    1624
    1625
    1626
    1627
    1628
    1629
    163
    1630
    1631
    1632
    1633
    1634
    1635
    1636
    1637
    1638
    1639
    164
    1640
    1641
    1642
    1643
    1644
    1645
    1646
    1647
    1648
    1649
    165
    1650
    1651
    1652
    1653
    1654
    1655
    1656
    1657
    1658
    1659
    166
    1660
    1661
    1662
    1663
    1664
    1665
    1666
    1667
    1668
    1669
    167
    1670
    1671
    1672
    1673
    1674
    1675
    1676
    1677
    1678
    1679
    168
    1680
    1681
    1682
    1683
    1684
    1685
    1686
    1687
    1688
    1689
    169
    1690
    1691
    1692
    1693
    1694
    1695
    1696
    1697
    1698
    1699
    17
    170
    1700
    1701
    1702
    1703
    1704
    1705
    1706
    1707
    1708
    1709
    171
    1710
    1711
    1712
    1713
    1714
    1715
    1716
    1717
    1718
    1719
    172
    1720
    1721
    1722
    1723
    1724
    1725
    1726
    1727
    1728
    1729
    173
    1730
    1731
    1732
    1733
    1734
    1735
    1736
    1737
    1738
    1739
    174
    1740
    1741
    1742
    1743
    1744
    1745
    1746
    1747
    1748
    1749
    175
    1750
    1751
    1752
    1753
    1754
    1755
    1756
    1757
    1758
    1759
    176
    1760
    1761
    1762
    1763
    1764
    1765
    1766
    1767
    1768
    1769
    177
    1770
    1771
    1772
    1773
    1774
    1775
    1776
    1777
    1778
    1779
    178
    1780
    1781
    1782
    1783
    1784
    1785
    1786
    1787
    1788
    1789
    179
    1790
    1791
    1792
    1793
    1794
    1795
    1796
    1797
    1798
    1799
    18
    180
    1800
    1801
    1802
    1803
    1804
    1805
    1806
    1807
    1808
    1809
    181
    1810
    1811
    1812
    1813
    1814
    1815
    1816
    1817
    1818
    1819
    182
    1820
    1821
    1822
    1823
    1824
    1825
    1826
    1827
    1828
    1829
    183
    1830
    1831
    1832
    1833
    1834
    1835
    1836
    1837
    1838
    1839
    184
    1840
    1841
    1842
    1843
    1844
    1845
    1846
    1847
    1848
    1849
    185
    1850
    1851
    1852
    1853
    1854
    1855
    1856
    1857
    1858
    1859
    186
    1860
    1861
    1862
    1863
    1864
    1865
    1866
    1867
    1868
    1869
    187
    1870
    1871
    1872
    1873
    1874
    1875
    1876
    1877
    1878
    1879
    188
    1880
    1881
    1882
    1883
    1884
    1885
    1886
    1887
    1888
    1889
    189
    1890
    1891
    1892
    1893
    1894
    1895
    1896
    1897
    1898
    1899
    19
    190
    1900
    1901
    1902
    1903
    1904
    1905
    1906
    1907
    1908
    1909
    191
    1910
    1911
    1912
    1913
    1914
    1915
    1916
    1917
    1918
    1919
    192
    1920
    1921
    1922
    1923
    1924
    1925
    1926
    1927
    1928
    1929
    193
    1930
    1931
    1932
    1933
    1934
    1935
    1936
    1937
    1938
    1939
    194
    1940
    1941
    1942
    1943
    1944
    1945
    1946
    1947
    1948
    1949
    195
    1950
    1951
    1952
    1953
    1954
    1955
    1956
    1957
    1958
    1959
    196
    1960
    1961
    1962
    1963
    1964
    1965
    1966
    1967
    1968
    1969
    197
    1970
    1971
    1972
    1973
    1974
    1975
    1976
    1977
    1978
    1979
    198
    1980
    1981
    1982
    1983
    1984
    1985
    1986
    1987
    1988
    1989
    199
    1990
    1991
    1992
    1993
    1994
    1995
    1996
    1997
    1998
    1999
    2
    20
    200
    2000
    2001
    2002
    2003
    2004
    2005
    2006
    2007
    2008
    2009
    201
    2010
    2011
    2012
    2013
    2014
    2015
    2016
    2017
    2018
    2019
    202
    2020
    2021
    2022
    2023
    2024
    2025
    2026
    2027
    2028
    2029
    203
    2030
    2031
    2032
    2033
    2034
    2035
    2036
    2037
    2038
    2039
    204
    2040
    2041
    2042
    2043
    2044
    2045
    2046
    2047
    2048
    2049
    205
    2050
    2051
    2052
    2053
    2054
    2055
    2056
    2057
    2058
    2059
    206
    2060
    2061
    2062
    2063
    2064
    2065
    2066
    2067
    2068
    2069
    207
    2070
    2071
    2072
    2073
    2074
    2075
    2076
    2077
    2078
    2079
    208
    2080
    2081
    2082
    2083
    2084
    2085
    2086
    2087
    2088
    2089
    209
    2090
    2091
    2092
    2093
    2094
    2095
    2096
    2097
    2098
    2099
    21
    210
    2100
    2101
    2102
    2103
    2104
    2105
    2106
    2107
    2108
    2109
    211
    2110
    2111
    2112
    2113
    2114
    2115
    2116
    2117
    2118
    2119
    212
    2120
    2121
    2122
    2123
    2124
    2125
    2126
    2127
    2128
    2129
    213
    2130
    2131
    2132
    2133
    2134
    2135
    2136
    2137
    2138
    2139
    214
    2140
    2141
    2142
    2143
    2144
    2145
    2146
    2147
    2148
    2149
    215
    2150
    2151
    2152
    2153
    2154
    2155
    2156
    2157
    2158
    2159
    216
    2160
    2161
    2162
    2163
    2164
    2165
    2166
    2167
    2168
    2169
    217
    2170
    2172
    2173
    2174
    2175
    2176
    2177
    2178
    2179
    218
    2180
    2181
    2182
    2183
    2184
    2185
    2186
    2187
    2188
    2189
    219
    2190
    2191
    2192
    2193
    2194
    2195
    2196
    2197
    2198
    2199
    22
    220
    2200
    2201
    2202
    2203
    2204
    2205
    2206
    2207
    2208
    2209
    221
    2210
    2211
    2212
    2213
    2214
    2215
    2216
    2217
    2218
    2219
    222
    2220
    2221
    2222
    2223
    2224
    2225
    2226
    2227
    2228
    2229
    223
    2230
    2231
    2232
    2233
    2234
    2235
    2236
    2237
    2238
    2239
    224
    2240
    2241
    2242
    2243
    2244
    2245
    2246
    2247
    2248
    2249
    225
    2250
    2251
    2252
    2253
    2254
    2255
    2256
    2257
    2258
    2259
    226
    2260
    2261
    2262
    2263
    2264
    2265
    2266
    2267
    2268
    2269
    227
    2270
    2271
    2272
    2273
    2274
    2275
    2276
    2277
    2278
    228
    2280
    2281
    2282
    2283
    2284
    2285
    2286
    2287
    2288
    2289
    229
    2290
    2291
    2292
    2293
    2294
    2295
    2296
    2297
    2298
    2299
    23
    230
    2300
    2301
    2302
    2303
    2304
    2305
    2306
    2307
    2308
    2309
    231
    2310
    2311
    2312
    2313
    2314
    2315
    2316
    2317
    2318
    2319
    232
    2320
    2321
    2322
    2323
    2324
    2325
    2326
    2327
    2328
    2329
    233
    2330
    2331
    2332
    2333
    2334
    2335
    2336
    2337
    2338
    2339
    234
    2340
    2341
    2342
    2343
    2344
    2345
    2346
    2347
    2348
    2349
    235
    2350
    2351
    2352
    2353
    2354
    2355
    2356
    2357
    2358
    2359
    236
    2360
    2361
    2362
    2363
    2364
    2365
    2366
    2367
    2368
    2369
    237
    2370
    2371
    2372
    2373
    2374
    2375
    2376
    2377
    2378
    2379
    238
    2380
    2381
    2382
    2383
    2384
    2385
    2386
    2387
    2388
    2389
    239
    2390
    2391
    2392
    2393
    2394
    2395
    2396
    2397
    2398
    2399
    24
    240
    2400
    2401
    2402
    2403
    2404
    2405
    2406
    2407
    2408
    2409
    241
    2410
    2411
    2412
    2413
    2414
    2415
    2416
    2417
    2418
    2419
    242
    2420
    2421
    2422
    2423
    2424
    2425
    2426
    2427
    2428
    2429
    243
    2430
    2431
    2432
    2433
    2434
    2435
    2436
    2437
    2438
    2439
    244
    2440
    2441
    2442
    2443
    2444
    2445
    2446
    2447
    2448
    2449
    245
    2450
    2451
    2452
    2453
    2454
    2455
    2456
    2457
    2458
    2459
    246
    2460
    2461
    2462
    2463
    2464
    2465
    2466
    2467
    2468
    2469
    247
    2470
    2471
    2472
    2473
    2474
    2475
    2476
    2477
    2478
    2479
    248
    2480
    2481
    2482
    2483
    2484
    2485
    2486
    2487
    2488
    2489
    249
    2490
    2491
    2492
    2493
    2494
    2495
    2496
    2497
    2498
    2499
    25
    250
    2500
    2501
    2502
    2503
    2504
    2505
    2506
    2507
    2508
    2509
    251
    2510
    2511
    2512
    2513
    2514
    2515
    2516
    2517
    2518
    2519
    252
    2520
    2521
    2522
    2523
    2524
    2525
    2526
    2527
    2528
    2529
    253
    2530
    2531
    2532
    2533
    2534
    2535
    2536
    2537
    2538
    2539
    254
    2540
    2541
    2542
    2543
    2544
    2545
    2546
    2547
    2548
    2549
    255
    2550
    2551
    2552
    2553
    2554
    2555
    2556
    2558
    2559
    256
    2560
    2561
    2562
    2564
    2565
    2566
    2567
    2568
    257
    2570
    2571
    2572
    2573
    2574
    2575
    2576
    2577
    2578
    2579
    258
    2580
    2581
    2582
    2583
    2584
    2585
    2586
    2587
    2588
    2589
    259
    2590
    2591
    2592
    2593
    2594
    2595
    2596
    2597
    2598
    2599
    26
    260
    2600
    2601
    2602
    2603
    2604
    2605
    2606
    2607
    2608
    2609
    261
    2610
    2611
    2612
    2613
    2614
    2615
    2616
    2617
    2618
    2619
    262
    2620
    2621
    2622
    2623
    2624
    2625
    2626
    2627
    2628
    2629
    263
    2630
    2631
    2632
    2633
    2634
    2635
    2636
    2637
    2638
    2639
    264
    2640
    2641
    2642
    2643
    2644
    2645
    2646
    2647
    2648
    2649
    265
    2650
    2651
    2652
    2653
    2654
    2656
    2657
    2658
    2659
    266
    2660
    2661
    2662
    2663
    2664
    2666
    2667
    2668
    2669
    267
    2671
    2672
    2673
    2674
    2675
    2676
    2677
    2678
    2679
    268
    2680
    2681
    2683
    2684
    2685
    2686
    2687
    2688
    2689
    269
    2690
    2691
    2693
    2694
    2695
    2696
    2697
    2698
    2699
    27
    270
    2700
    2701
    2702
    2703
    2704
    2705
    2706
    2707
    2708
    2709
    271
    2710
    2711
    2712
    2713
    2714
    2715
    2716
    2717
    2718
    2719
    272
    2720
    2721
    2723
    2724
    2725
    2726
    2727
    2728
    2729
    273
    2730
    2731
    2732
    2733
    2734
    2736
    2737
    2739
    274
    2740
    2741
    2742
    2743
    2744
    2745
    2746
    2747
    2748
    2749
    275
    2750
    2752
    2753
    2754
    2755
    2756
    2758
    2759
    276
    2760
    2761
    2762
    2763
    2764
    2765
    2766
    2767
    2768
    2769
    277
    2770
    2771
    2772
    2773
    2774
    2775
    2776
    2777
    2778
    2779
    278
    2780
    2781
    2782
    2783
    2784
    2785
    2786
    2787
    2788
    2789
    279
    2790
    2791
    2792
    2793
    2794
    2795
    2797
    2798
    2799
    28
    280
    2800
    2801
    2802
    2803
    2804
    2805
    2806
    2807
    2808
    2809
    281
    2811
    2812
    2813
    2814
    2816
    2817
    2818
    2819
    282
    2820
    2821
    2822
    2823
    2824
    2825
    2826
    2828
    2829
    283
    2830
    2831
    2832
    2833
    2834
    2835
    2836
    2837
    2838
    2839
    284
    2840
    2841
    2842
    2843
    2844
    2845
    2846
    2847
    2848
    2849
    285
    2850
    2851
    2852
    2853
    2854
    2855
    2856
    2857
    2858
    2859
    286
    2860
    2861
    2862
    2863
    2864
    2865
    2866
    2867
    2868
    2869
    287
    2870
    2871
    2872
    2873
    2875
    2876
    2877
    2878
    2879
    288
    2880
    2881
    2882
    2883
    2884
    2885
    2886
    2888
    2889
    289
    2890
    2891
    2892
    2893
    2894
    2895
    2896
    2897
    2898
    2899
    29
    290
    2900
    2901
    2902
    2903
    2904
    2905
    2906
    2907
    2908
    2909
    291
    2910
    2911
    2912
    2913
    2914
    2915
    2916
    2917
    2919
    292
    2920
    2921
    2922
    2924
    2925
    2926
    2928
    293
    2930
    2931
    2932
    2933
    2934
    2935
    2936
    2939
    294
    2940
    2941
    2942
    2943
    2945
    2946
    2948
    2949
    295
    2950
    2951
    2952
    2953
    2954
    2955
    2956
    2957
    2958
    2959
    296
    2964
    2965
    2966
    2968
    2969
    297
    2970
    2971
    2973
    2974
    2976
    2978
    2979
    298
    2982
    2983
    2984
    2987
    2988
    2989
    299
    2990
    2991
    2992
    2995
    2996
    2999
    3
    30
    300
    3001
    3008
    3009
    301
    3010
    3013
    3015
    3016
    3019
    302
    3020
    3021
    3022
    3024
    3025
    3029
    303
    3031
    3032
    3033
    3035
    3037
    3038
    304
    3040
    3041
    3042
    3043
    3044
    3045
    3046
    3047
    3049
    305
    3050
    3051
    3052
    3053
    3054
    3055
    3056
    3057
    3058
    3059
    306
    3060
    3061
    3062
    3064
    3065
    3066
    3067
    3068
    307
    3070
    3071
    3072
    3073
    3074
    3075
    3076
    3077
    3078
    3079
    308
    3080
    3082
    3083
    3085
    3086
    3087
    3088
    3089
    309
    3090
    3091
    3092
    3093
    3094
    3095
    3096
    3097
    3098
    3099
    31
    310
    3100
    3102
    3103
    3104
    3105
    3106
    3107
    3108
    3109
    311
    3110
    3111
    3112
    3113
    3114
    3116
    3118
    3119
    312
    3120
    3121
    3122
    3123
    3124
    3125
    3126
    3127
    3128
    3129
    313
    3130
    3132
    3133
    3136
    3138
    314
    3142
    3143
    3145
    3147
    3148
    3149
    315
    3150
    3151
    3152
    3153
    3154
    3155
    3156
    3157
    3158
    3159
    316
    3160
    3164
    3166
    3167
    3168
    3169
    317
    3170
    3171
    3172
    3173
    3175
    3177
    318
    3180
    3181
    3183
    3184
    3185
    3186
    3187
    3188
    3189
    319
    3193
    3194
    3196
    3198
    3199
    32
    320
    3200
    3201
    3202
    3204
    3205
    3206
    3207
    3208
    3209
    321
    3210
    3211
    3212
    3215
    3217
    3218
    3219
    322
    3220
    3221
    3222
    3223
    3224
    3225
    3226
    3227
    3228
    323
    3230
    3231
    3232
    3233
    3234
    3235
    3236
    3237
    3238
    3239
    324
    3240
    3242
    3243
    3244
    3246
    3248
    325
    3250
    3251
    3252
    3253
    3254
    3256
    3259
    326
    3261
    3262
    3263
    3264
    3265
    3267
    3269
    327
    3270
    3271
    3272
    3273
    3274
    3275
    3276
    3278
    3279
    328
    3280
    3281
    3282
    3283
    3284
    3286
    3287
    3288
    3289
    329
    3291
    3292
    3293
    3295
    3296
    3298
    3299
    33
    330
    3300
    3301
    3302
    3304
    3305
    3307
    3308
    3309
    331
    3310
    3311
    3312
    3313
    3314
    3315
    3316
    3317
    3318
    3319
    332
    3320
    3321
    3323
    3326
    3328
    3329
    333
    3330
    3331
    3333
    3334
    3335
    3336
    3337
    3338
    3339
    334
    3340
    3342
    3343
    3345
    3346
    3347
    3348
    335
    3351
    3352
    3353
    3354
    3355
    3357
    3359
    336
    3360
    3363
    3364
    3365
    3367
    3369
    337
    3370
    3371
    3374
    3376
    3378
    338
    3381
    3382
    3383
    3388
    339
    3391
    3392
    3397
    3398
    3399
    34
    340
    3401
    3404
    3409
    341
    3411
    3412
    3413
    3414
    3419
    342
    3420
    3422
    3423
    3424
    3426
    3427
    3428
    3429
    343
    3430
    3431
    3435
    3436
    3439
    344
    3441
    3442
    3444
    3445
    3446
    345
    3453
    3454
    3456
    3458
    3459
    346
    3463
    3465
    3466
    3467
    3468
    3469
    347
    3470
    3471
    3472
    3473
    3474
    348
    3482
    3485
    3486
    3488
    3489
    349
    3490
    3491
    3492
    3493
    3494
    3495
    3496
    3497
    3498
    3499
    35
    350
    3500
    3501
    3502
    3503
    3504
    3505
    3506
    3508
    3509
    351
    3511
    3512
    3513
    3514
    3517
    3519
    352
    3521
    3522
    3523
    3524
    3526
    3528
    353
    3532
    3533
    3534
    3535
    3536
    3537
    3538
    3539
    354
    3540
    3543
    3545
    3546
    3547
    3548
    3549
    355
    3550
    3552
    3553
    3554
    3555
    3556
    3557
    3558
    3559
    356
    3560
    3562
    3563
    3565
    3568
    357
    3570
    3571
    3573
    3574
    3575
    3576
    3577
    358
    3580
    3581
    3588
    359
    3590
    3591
    3592
    3593
    3594
    3598
    36
    360
    3601
    3602
    3603
    3604
    3605
    3606
    3607
    3608
    3609
    361
    3610
    3611
    3612
    3613
    3614
    3615
    3617
    3619
    362
    3620
    3621
    3622
    3624
    3625
    3626
    3627
    3628
    363
    3631
    3632
    3634
    3637
    3638
    364
    3640
    3641
    3643
    3645
    3646
    365
    3650
    3653
    3655
    3656
    3659
    366
    3665
    3668
    3669
    367
    3671
    3676
    3677
    368
    3680
    3682
    3689
    369
    3690
    3693
    3694
    3699
    37
    370
    3700
    3701
    3702
    3709
    371
    3713
    372
    3721
    3727
    373
    3730
    3736
    3738
    374
    3741
    3744
    3749
    375
    3751
    3752
    3756
    3759
    376
    3760
    3763
    3765
    3766
    3767
    3769
    377
    3771
    3772
    3774
    3775
    3778
    3779
    378
    3781
    3782
    3784
    3785
    3787
    3788
    3789
    379
    3790
    3791
    3792
    3793
    3794
    3795
    3796
    3798
    3799
    38
    380
    3800
    3805
    3806
    3808
    381
    3810
    3811
    3812
    3813
    3815
    3819
    382
    3820
    3823
    3824
    3828
    383
    3830
    384
    3840
    385
    3856
    3857
    3858
    3859
    386
    3866
    3867
    387
    3870
    3872
    3877
    388
    3887
    389
    3894
    3898
    39
    390
    3908
    391
    3910
    3911
    3914
    392
    393
    394
    3942
    3945
    3946
    395
    3952
    3953
    3955
    3956
    3958
    396
    3965
    3966
    397
    3977
    398
    3988
    3989
    399
    3991
    3992
    3994
    3995
    3999
    4
    40
    400
    4000
    4001
    4002
    4003
    4004
    4005
    4006
    4008
    4009
    401
    4013
    4016
    4018
    402
    4020
    4026
    4027
    403
    4030
    4031
    4033
    4035
    404
    4040
    4044
    4045
    4048
    405
    4050
    4052
    4054
    4055
    4056
    4057
    4058
    4059
    406
    4063
    4067
    407
    4070
    4073
    4078
    408
    4080
    4082
    4089
    409
    4090
    4095
    4096
    4097
    41
    410
    4102
    4103
    411
    4110
    4111
    4114
    4116
    4119
    412
    4122
    4124
    4126
    4128
    413
    4131
    4135
    4137
    414
    4141
    4142
    4145
    4146
    4147
    4148
    4149
    415
    4150
    4151
    4153
    4154
    4155
    4157
    4158
    4159
    416
    4160
    4162
    4163
    4164
    4165
    4167
    417
    4171
    4172
    4174
    4176
    4177
    4178
    4179
    418
    4180
    4181
    4182
    4183
    4184
    4185
    4186
    4187
    4188
    4189
    419
    4190
    4191
    4192
    4193
    4194
    4195
    4197
    4198
    4199
    42
    420
    4200
    4201
    4202
    4203
    4204
    4205
    4206
    4208
    4209
    421
    4210
    4216
    422
    4223
    4226
    423
    4231
    4235
    4237
    4239
    424
    4242
    4247
    425
    4251
    4252
    4253
    4255
    4257
    4259
    426
    4260
    4261
    4264
    4265
    427
    4271
    4272
    4273
    4275
    4277
    428
    4280
    4283
    4285
    4289
    429
    4292
    4293
    4294
    4295
    4296
    4298
    4299
    43
    430
    4300
    4301
    4302
    4303
    4304
    4305
    4307
    4309
    431
    4310
    4313
    4316
    4317
    432
    4320
    4321
    4322
    4323
    4324
    4325
    4327
    433
    4330
    4332
    4335
    4336
    4338
    434
    4341
    4342
    4343
    4344
    4346
    4347
    4348
    4349
    435
    4350
    4351
    4353
    4354
    4355
    4356
    4358
    4359
    436
    4360
    4361
    4362
    4363
    4364
    4366
    4367
    4368
    437
    4370
    4374
    4376
    4378
    438
    4389
    439
    4394
    44
    440
    4400
    4402
    4404
    441
    4417
    4418
    4419
    442
    4420
    4421
    4422
    4427
    4429
    443
    4431
    4434
    4435
    4436
    4437
    4439
    444
    4441
    4442
    4443
    4445
    4446
    4447
    4449
    445
    4450
    4452
    4455
    4456
    446
    4460
    4462
    4464
    447
    4472
    4474
    4475
    4477
    448
    4487
    449
    4495
    4496
    4499
    45
    450
    4503
    451
    4512
    4514
    452
    453
    4531
    4539
    454
    455
    4558
    4559
    456
    4560
    4563
    457
    4573
    458
    4585
    4586
    459
    4591
    46
    460
    4602
    4603
    4606
    4608
    461
    4616
    462
    463
    4630
    4632
    464
    4640
    4644
    4647
    465
    4654
    4655
    4658
    4659
    466
    4660
    4661
    4663
    4666
    4668
    467
    4671
    4672
    4674
    4675
    4676
    468
    4682
    4687
    469
    4690
    4692
    4694
    4696
    4697
    47
    470
    4702
    4705
    4709
    471
    4712
    4718
    472
    4729
    473
    4733
    4737
    474
    4742
    4743
    4746
    475
    4751
    4759
    476
    4762
    477
    4773
    4775
    4779
    478
    4780
    4782
    4784
    4788
    4789
    479
    4798
    48
    480
    4802
    4803
    4804
    4808
    481
    4812
    482
    483
    4835
    484
    4849
    485
    4859
    486
    4868
    487
    4871
    4878
    4879
    488
    4881
    4885
    4887
    489
    4890
    49
    490
    4901
    491
    4915
    492
    4929
    493
    4930
    4936
    4938
    494
    4940
    495
    4953
    496
    4961
    4964
    4968
    497
    4970
    4972
    4975
    498
    4980
    4984
    4986
    499
    4992
    4998
    5
    50
    500
    5007
    501
    5016
    5017
    5019
    502
    503
    504
    505
    5051
    5057
    506
    507
    508
    5084
    5085
    509
    5090
    5096
    5097
    51
    510
    5100
    5106
    511
    5114
    5115
    5116
    512
    513
    5130
    5133
    514
    5143
    5144
    5147
    515
    5152
    5153
    5158
    516
    5160
    5161
    5162
    5165
    5166
    517
    5170
    5172
    5174
    5176
    5179
    518
    5180
    5183
    5186
    5187
    519
    52
    520
    5202
    5203
    521
    5217
    522
    523
    524
    5245
    5246
    525
    5251
    526
    5269
    527
    5272
    5273
    5275
    528
    5281
    529
    5294
    53
    530
    5303
    531
    5318
    532
    5325
    5326
    5327
    5328
    533
    5332
    534
    5342
    5345
    5347
    535
    5359
    536
    5366
    537
    5370
    5373
    538
    5380
    5383
    5384
    5386
    5387
    5388
    539
    5394
    5398
    5399
    54
    540
    5400
    5401
    5402
    541
    5410
    5414
    5415
    5417
    542
    5425
    5428
    543
    5432
    544
    5440
    5443
    545
    546
    5462
    5467
    547
    5478
    548
    5481
    549
    5493
    5495
    5497
    55
    550
    5508
    551
    552
    5522
    5526
    553
    5536
    5539
    554
    5544
    555
    5554
    5557
    556
    5564
    5568
    557
    5570
    5572
    5575
    558
    5580
    5581
    5585
    5586
    559
    5598
    56
    560
    5603
    5604
    5608
    561
    5612
    5613
    562
    5621
    563
    5633
    5639
    564
    565
    566
    5666
    5667
    567
    568
    5685
    5687
    569
    57
    570
    5708
    571
    572
    5720
    5725
    573
    574
    5748
    575
    5757
    5759
    576
    577
    5773
    578
    5786
    579
    5794
    58
    580
    5806
    581
    5811
    5817
    582
    5822
    583
    5838
    584
    5845
    5846
    5848
    585
    5853
    5854
    5855
    586
    5861
    587
    5871
    5874
    5877
    5878
    5879
    588
    5881
    5882
    5887
    589
    5898
    59
    590
    5901
    5903
    5909
    591
    5911
    5913
    5916
    5918
    592
    593
    5933
    594
    595
    596
    597
    598
    599
    6
    60
    600
    6000
    601
    602
    6023
    603
    604
    605
    606
    6065
    607
    6075
    608
    609
    61
    610
    611
    6112
    612
    613
    614
    615
    616
    6168
    6169
    617
    6170
    618
    6181
    619
    62
    620
    621
    622
    6224
    623
    6231
    6235
    624
    6241
    6242
    625
    626
    627
    6276
    6278
    628
    6288
    629
    6291
    63
    630
    6306
    631
    6318
    632
    6329
    633
    634
    635
    636
    6366
    637
    638
    6380
    639
    64
    640
    641
    642
    643
    644
    6449
    645
    646
    647
    648
    6481
    6485
    649
    65
    650
    651
    652
    6520
    653
    654
    6545
    655
    6555
    656
    657
    658
    6580
    659
    66
    660
    661
    6611
    662
    6621
    6626
    663
    6634
    664
    6645
    665
    6651
    6657
    6659
    666
    6662
    6664
    6665
    6668
    667
    6671
    6676
    668
    6681
    6684
    6688
    669
    67
    670
    6705
    671
    6710
    672
    6720
    6723
    673
    6734
    674
    6748
    675
    6752
    6756
    676
    6760
    677
    6771
    6772
    678
    6782
    6784
    6785
    6789
    679
    68
    680
    681
    6818
    682
    683
    684
    685
    686
    6865
    687
    688
    689
    69
    690
    6904
    691
    692
    6927
    693
    694
    695
    696
    6967
    697
    6976
    698
    699
    7
    70
    700
    701
    702
    703
    704
    7044
    705
    706
    707
    7074
    708
    709
    71
    710
    7105
    711
    712
    7124
    713
    7131
    7136
    714
    715
    716
    717
    718
    7182
    719
    72
    720
    7207
    721
    7219
    722
    7227
    723
    724
    725
    726
    727
    728
    729
    73
    730
    7301
    731
    732
    733
    734
    735
    736
    737
    738
    739
    7398
    74
    740
    741
    742
    7426
    7427
    743
    744
    745
    746
    747
    7474
    7478
    748
    7480
    7481
    7483
    7484
    7489
    749
    7491
    7492
    7495
    7496
    7499
    75
    750
    7504
    7506
    751
    7513
    752
    7521
    7528
    753
    7539
    754
    755
    756
    7564
    757
    758
    759
    76
    760
    7606
    761
    762
    763
    7632
    764
    7640
    765
    7658
    7659
    766
    767
    768
    769
    77
    770
    771
    772
    773
    774
    775
    776
    777
    7771
    778
    7785
    779
    78
    780
    781
    782
    7828
    783
    784
    785
    786
    7866
    787
    788
    789
    79
    790
    7906
    791
    792
    793
    794
    795
    7954
    796
    797
    798
    799
    8
    80
    800
    801
    802
    803
    804
    805
    8050
    806
    807
    808
    809
    81
    810
    811
    812
    8128
    813
    814
    815
    816
    817
    8171
    818
    819
    82
    820
    821
    822
    823
    824
    825
    826
    827
    828
    829
    83
    830
    831
    832
    8323
    833
    8338
    834
    835
    836
    837
    838
    8384
    839
    84
    840
    841
    842
    843
    844
    845
    8459
    846
    847
    848
    849
    8490
    8491
    8493
    8498
    8499
    85
    850
    851
    8515
    852
    8520
    8522
    8523
    8529
    853
    854
    8547
    855
    8551
    856
    857
    8570
    858
    8583
    859
    86
    860
    8602
    861
    8611
    862
    8629
    863
    864
    865
    866
    8666
    8667
    867
    8674
    868
    869
    87
    870
    871
    872
    873
    874
    875
    8756
    876
    877
    878
    879
    88
    880
    881
    882
    883
    884
    885
    886
    8866
    887
    888
    889
    89
    890
    891
    892
    8928
    893
    894
    895
    896
    897
    898
    899
    9
    90
    900
    901
    902
    903
    904
    905
    906
    907
    908
    909
    9093
    91
    910
    911
    912
    9122
    913
    914
    915
    916
    917
    918
    919
    92
    920
    921
    922
    923
    924
    925
    926
    927
    928
    929
    93
    930
    931
    932
    933
    934
    935
    936
    9361
    937
    938
    939
    94
    940
    9400
    941
    942
    943
    944
    945
    946
    947
    948
    949
    9494
    95
    950
    951
    952
    953
    954
    955
    956
    957
    958
    959
    96
    960
    961
    962
    963
    964
    965
    966
    967
    968
    969
    97
    970
    971
    9711
    972
    973
    974
    975
    976
    977
    978
    979
    98
    980
    981
    982
    983
    984
    985
    986
    987
    988
    989
    99
    990
    991
    992
    993
    994
    995
    996
    997
    9974
    998
    999
------

